0
0
c 0.0
1
2
c 0.0197
2
4
c 0.039599999999999996
3
6
c 0.0598
4
8
c 0.08050000000000002
5
10
c 0.0995
6
12
c 0.11889999999999999
7
14
c 0.1385
8
16
c 0.161
9
18
c 0.1773
10
20
c 0.2002
11
22
c 0.2156
12
24
c 0.2317
13
26
c 0.2525
14
28
c 0.2677
15
30
c 0.2915
16
32
c 0.30720000000000003
17
34
c 0.324
18
36
c 0.3445
19
38
c 0.35950000000000004
20
40
c 0.3759
21
42
c 0.39130000000000004
22
44
c 0.41100000000000003
23
46
c 0.42479999999999996
24
48
c 0.4366
25
50
c 0.4524
26
52
c 0.46900000000000003
27
54
c 0.4809
28
56
c 0.492
29
58
c 0.5107
30
60
c 0.5212
31
62
c 0.5403
32
64
c 0.5461
33
66
c 0.5595000000000001
34
68
c 0.5741999999999999
35
70
c 0.5775999999999999
36
72
c 0.595
37
74
c 0.609
38
76
c 0.6165
39
78
c 0.6238000000000001
40
80
c 0.6363
41
82
c 0.6452
42
84
c 0.6456999999999999
43
86
c 0.6640999999999999
44
88
c 0.6636
45
90
c 0.6704
46
92
c 0.6840999999999999
47
94
c 0.6874
48
96
c 0.6996
49
98
c 0.6997000000000001
50
101
c 0.6990999999999999
51
103
c 0.6984999999999999
52
105
c 0.7002
53
107
c 0.7101000000000001
54
109
c 0.7109
55
111
c 0.71
56
113
c 0.7044
57
115
c 0.7101000000000001
58
117
c 0.7158
59
119
c 0.7118
60
121
c 0.6983
61
123
c 0.7057
62
125
c 0.7071000000000001
63
127
c 0.6965999999999999
64
129
c 0.7009
65
131
c 0.6883
66
133
c 0.6849
67
135
c 0.6826
68
137
c 0.6698
69
139
c 0.6687000000000001
70
141
c 0.6557
71
143
c 0.6457
72
145
c 0.6407
73
147
c 0.6238
74
149
c 0.6283000000000001
75
151
c 0.6068
76
153
c 0.5915
77
155
c 0.5806
78
157
c 0.5669000000000001
79
159
c 0.5467
80
161
c 0.5277
81
163
c 0.5166
82
165
c 0.499
83
167
c 0.47909999999999997
84
169
c 0.46099999999999997
85
171
c 0.4366
86
173
c 0.4191
87
175
c 0.38980000000000004
88
177
c 0.37139999999999995
89
179
c 0.3396
90
181
c 0.3155
91
183
c 0.293
92
185
c 0.2607
93
187
c 0.23559999999999998
94
189
c 0.1936
95
191
c 0.16599999999999998
96
193
c 0.1286
97
195
c 0.0964
98
197
c 0.0584
99
200
c 0.0
