# sites: N80, total steps: 15000, steady_state: 10000,
#  k12 = 0.8, k21 = 0.8,
rho_t
[0.0, 0.0202, 0.0404, 0.0606, 0.0808, 0.101, 0.1212, 0.1414, 0.1616, 0.1818, 0.202, 0.2222, 0.2424, 0.2626, 0.2828, 0.303, 0.3232, 0.3434, 0.3636, 0.3838, 0.404, 0.4242, 0.4444, 0.4646, 0.4848, 0.5051, 0.5253, 0.5455, 0.5657, 0.5859, 0.6061, 0.6263, 0.6465, 0.6667, 0.6869, 0.7071, 0.7273, 0.7475, 0.7677, 0.7879, 0.8081, 0.8283, 0.8485, 0.8687, 0.8889, 0.9091, 0.9293, 0.9495, 0.9697, 0.9899, 1.0101, 1.0303, 1.0505, 1.0707, 1.0909, 1.1111, 1.1313, 1.1515, 1.1717, 1.1919, 1.2121, 1.2323, 1.2525, 1.2727, 1.2929, 1.3131, 1.3333, 1.3535, 1.3737, 1.3939, 1.4141, 1.4343, 1.4545, 1.4747, 1.4949, 1.5152, 1.5354, 1.5556, 1.5758, 1.596, 1.6162, 1.6364, 1.6566, 1.6768, 1.697, 1.7172, 1.7374, 1.7576, 1.7778, 1.798, 1.8182, 1.8384, 1.8586, 1.8788, 1.899, 1.9192, 1.9394, 1.9596, 1.9798, 2.0]

rhos
[0.0, 0.0125, 0.0362, 0.048, 0.0708, 0.0928, 0.1026, 0.1231, 0.1334, 0.1514, 0.1708, 0.1782, 0.196, 0.2137, 0.2219, 0.239, 0.247, 0.2625, 0.2785, 0.2849, 0.3007, 0.3081, 0.3216, 0.3349, 0.3413, 0.357, 0.3694, 0.3755, 0.3896, 0.3936, 0.4075, 0.4181, 0.4261, 0.4376, 0.4445, 0.4555, 0.467, 0.4737, 0.4831, 0.4951, 0.501, 0.513, 0.5176, 0.5286, 0.539, 0.5446, 0.5562, 0.5599, 0.5717, 0.5799, 0.5862, 0.5965, 0.6073, 0.6128, 0.6224, 0.6272, 0.6379, 0.6479, 0.6526, 0.6625, 0.6677, 0.6774, 0.6874, 0.6931, 0.7024, 0.7124, 0.7166, 0.7267, 0.7315, 0.7405, 0.7505, 0.7562, 0.7653, 0.7709, 0.7812, 0.7916, 0.7953, 0.8057, 0.8154, 0.8205, 0.8304, 0.8356, 0.8456, 0.8556, 0.8607, 0.8709, 0.8762, 0.8878, 0.8968, 0.9025, 0.9142, 0.9241, 0.9295, 0.9406, 0.9468, 0.9577, 0.9694, 0.9755, 0.9877, 1.0]

gammas
[0.0, 0.0, 0.0013, 0.002, 0.0042, 0.0072, 0.0099, 0.0144, 0.0166, 0.0236, 0.0292, 0.0343, 0.0415, 0.0488, 0.0531, 0.061, 0.0655, 0.075, 0.084, 0.0901, 0.0993, 0.1044, 0.1159, 0.1276, 0.1337, 0.143, 0.1556, 0.162, 0.1729, 0.1814, 0.1925, 0.2069, 0.2114, 0.2249, 0.2305, 0.2445, 0.258, 0.2638, 0.2794, 0.2924, 0.299, 0.312, 0.3199, 0.3339, 0.3485, 0.3554, 0.3688, 0.3776, 0.3908, 0.4076, 0.4138, 0.4285, 0.4427, 0.4497, 0.4651, 0.4728, 0.4871, 0.5021, 0.5099, 0.525, 0.5323, 0.5476, 0.5626, 0.5694, 0.5851, 0.6001, 0.6084, 0.6233, 0.631, 0.647, 0.662, 0.6687, 0.6847, 0.6916, 0.7063, 0.7209, 0.7297, 0.7443, 0.7596, 0.767, 0.7821, 0.7894, 0.8044, 0.8194, 0.8268, 0.8416, 0.8488, 0.8622, 0.8782, 0.885, 0.8983, 0.9134, 0.9205, 0.9344, 0.9407, 0.9548, 0.9681, 0.9745, 0.9873, 1.0]

C_total
[0.     0.012  0.037  0.05   0.0742 0.0976 0.1118 0.1346 0.146  0.1652
 0.1924 0.2064 0.2236 0.251  0.258  0.2842 0.292  0.311  0.3356 0.3362
 0.3628 0.3618 0.3926 0.4066 0.408  0.438  0.4596 0.4564 0.4678 0.471
 0.4866 0.5096 0.5044 0.5302 0.5264 0.5566 0.5586 0.5724 0.5674 0.5896
 0.591  0.5946 0.606  0.617  0.6242 0.6366 0.63   0.6354 0.6456 0.6502
 0.6528 0.6536 0.6534 0.6528 0.6672 0.654  0.6552 0.6574 0.6612 0.6544
 0.6466 0.6428 0.6442 0.6442 0.6382 0.6222 0.635  0.607  0.6118 0.611
 0.5828 0.5972 0.5824 0.5754 0.5524 0.5452 0.5258 0.504  0.513  0.4958
 0.4692 0.465  0.45   0.4112 0.4086 0.3922 0.3694 0.3368 0.32   0.3044
 0.2758 0.2404 0.2254 0.1958 0.1788 0.1358 0.1016 0.0804 0.0436 0.    ]

C11
[0.0, 0.012, 0.0348, 0.0476, 0.068, 0.0882, 0.0944, 0.109, 0.1196, 0.1308, 0.1476, 0.1522, 0.1614, 0.1838, 0.1842, 0.1976, 0.2042, 0.2112, 0.2156, 0.2204, 0.2254, 0.2298, 0.2372, 0.2492, 0.2424, 0.259, 0.2704, 0.2484, 0.2592, 0.2586, 0.2636, 0.268, 0.2664, 0.2722, 0.2654, 0.274, 0.27, 0.275, 0.2662, 0.274, 0.2762, 0.2736, 0.2668, 0.2822, 0.274, 0.2718, 0.2738, 0.27, 0.2732, 0.2698, 0.2728, 0.2676, 0.2494, 0.2504, 0.2474, 0.2482, 0.2546, 0.2512, 0.2446, 0.244, 0.2356, 0.2362, 0.236, 0.2394, 0.2334, 0.2158, 0.2246, 0.213, 0.21, 0.2026, 0.2018, 0.206, 0.1964, 0.1938, 0.1786, 0.1892, 0.1778, 0.1652, 0.1722, 0.1596, 0.1496, 0.15, 0.1386, 0.1308, 0.1178, 0.1132, 0.1126, 0.099, 0.097, 0.0896, 0.0844, 0.0766, 0.067, 0.0588, 0.0522, 0.0392, 0.0278, 0.0258, 0.0114, 0.0]

C12
[0.0, 0.0, 0.0012, 0.001, 0.0022, 0.0034, 0.0064, 0.0106, 0.0128, 0.0166, 0.0192, 0.022, 0.0256, 0.0258, 0.0286, 0.029, 0.035, 0.0372, 0.046, 0.0454, 0.0526, 0.0504, 0.0622, 0.0568, 0.0612, 0.0674, 0.067, 0.0788, 0.0806, 0.0804, 0.0872, 0.0906, 0.0888, 0.0948, 0.0982, 0.1038, 0.1024, 0.1118, 0.1108, 0.1178, 0.113, 0.118, 0.1258, 0.128, 0.1266, 0.1362, 0.1318, 0.128, 0.1354, 0.1362, 0.132, 0.1352, 0.1438, 0.144, 0.1502, 0.1466, 0.1446, 0.1466, 0.144, 0.1484, 0.1568, 0.1446, 0.1426, 0.1396, 0.1374, 0.1426, 0.15, 0.1426, 0.1412, 0.1442, 0.134, 0.1298, 0.1384, 0.1294, 0.1322, 0.1242, 0.1262, 0.1146, 0.116, 0.1168, 0.108, 0.1056, 0.108, 0.0958, 0.1008, 0.099, 0.088, 0.0848, 0.0746, 0.0726, 0.0632, 0.0558, 0.0534, 0.0476, 0.0418, 0.0296, 0.0256, 0.017, 0.0106, 0.0]

C21
[0.0, 0.0, 0.0008, 0.0012, 0.0032, 0.0042, 0.0088, 0.0104, 0.0096, 0.0126, 0.019, 0.0222, 0.0248, 0.0304, 0.0308, 0.04, 0.036, 0.0412, 0.0514, 0.0456, 0.0588, 0.0506, 0.064, 0.0648, 0.0668, 0.0744, 0.0804, 0.0858, 0.0812, 0.0814, 0.089, 0.0936, 0.0894, 0.1008, 0.1, 0.1112, 0.1164, 0.1202, 0.1168, 0.1174, 0.1232, 0.1244, 0.1256, 0.1266, 0.1322, 0.1366, 0.1312, 0.1324, 0.1416, 0.1428, 0.1486, 0.1432, 0.1454, 0.1472, 0.156, 0.1446, 0.144, 0.1566, 0.1544, 0.1466, 0.1452, 0.1498, 0.1464, 0.1464, 0.1514, 0.1428, 0.1456, 0.137, 0.135, 0.14, 0.131, 0.1438, 0.1346, 0.1304, 0.124, 0.1238, 0.1194, 0.1168, 0.1222, 0.1168, 0.1118, 0.1088, 0.11, 0.0924, 0.0934, 0.0958, 0.0876, 0.0768, 0.0788, 0.073, 0.0674, 0.0568, 0.0552, 0.046, 0.0432, 0.0306, 0.0242, 0.0192, 0.0106, 0.0]

C22
[0.0, 0.0, 0.0002, 0.0002, 0.0008, 0.0018, 0.0022, 0.0046, 0.004, 0.0052, 0.0066, 0.01, 0.0118, 0.011, 0.0144, 0.0176, 0.0168, 0.0214, 0.0226, 0.0248, 0.026, 0.031, 0.0292, 0.0358, 0.0376, 0.0372, 0.0418, 0.0434, 0.0468, 0.0506, 0.0468, 0.0574, 0.0598, 0.0624, 0.0628, 0.0676, 0.0698, 0.0654, 0.0736, 0.0804, 0.0786, 0.0786, 0.0878, 0.0802, 0.0914, 0.092, 0.0932, 0.105, 0.0954, 0.1014, 0.0994, 0.1076, 0.1148, 0.1112, 0.1136, 0.1146, 0.112, 0.103, 0.1182, 0.1154, 0.109, 0.1122, 0.1192, 0.1188, 0.116, 0.121, 0.1148, 0.1144, 0.1256, 0.1242, 0.116, 0.1176, 0.113, 0.1218, 0.1176, 0.108, 0.1024, 0.1074, 0.1026, 0.1026, 0.0998, 0.1006, 0.0934, 0.0922, 0.0966, 0.0842, 0.0812, 0.0762, 0.0696, 0.0692, 0.0608, 0.0512, 0.0498, 0.0434, 0.0416, 0.0364, 0.024, 0.0184, 0.011, 0.0]
