# sites: N80, total steps: 15000, steady_state: 10000,
#  k12 = 0.2, k21 = 0.2,
rho_t
[0.0, 0.0202, 0.0404, 0.0606, 0.0808, 0.101, 0.1212, 0.1414, 0.1616, 0.1818, 0.202, 0.2222, 0.2424, 0.2626, 0.2828, 0.303, 0.3232, 0.3434, 0.3636, 0.3838, 0.404, 0.4242, 0.4444, 0.4646, 0.4848, 0.5051, 0.5253, 0.5455, 0.5657, 0.5859, 0.6061, 0.6263, 0.6465, 0.6667, 0.6869, 0.7071, 0.7273, 0.7475, 0.7677, 0.7879, 0.8081, 0.8283, 0.8485, 0.8687, 0.8889, 0.9091, 0.9293, 0.9495, 0.9697, 0.9899, 1.0101, 1.0303, 1.0505, 1.0707, 1.0909, 1.1111, 1.1313, 1.1515, 1.1717, 1.1919, 1.2121, 1.2323, 1.2525, 1.2727, 1.2929, 1.3131, 1.3333, 1.3535, 1.3737, 1.3939, 1.4141, 1.4343, 1.4545, 1.4747, 1.4949, 1.5152, 1.5354, 1.5556, 1.5758, 1.596, 1.6162, 1.6364, 1.6566, 1.6768, 1.697, 1.7172, 1.7374, 1.7576, 1.7778, 1.798, 1.8182, 1.8384, 1.8586, 1.8788, 1.899, 1.9192, 1.9394, 1.9596, 1.9798, 2.0]

rhos
[0.0, 0.0125, 0.0368, 0.0486, 0.0718, 0.0933, 0.1047, 0.1247, 0.1348, 0.1533, 0.1723, 0.1797, 0.1983, 0.2153, 0.2223, 0.2396, 0.2451, 0.2613, 0.2764, 0.2826, 0.2986, 0.3055, 0.3199, 0.3328, 0.3384, 0.3498, 0.3668, 0.3705, 0.3815, 0.3899, 0.4006, 0.4131, 0.4177, 0.4295, 0.4346, 0.4491, 0.46, 0.4643, 0.4748, 0.4842, 0.4931, 0.5022, 0.508, 0.5193, 0.5294, 0.5358, 0.543, 0.5524, 0.5611, 0.5711, 0.5762, 0.5865, 0.5973, 0.6014, 0.613, 0.6166, 0.6263, 0.6381, 0.6416, 0.6496, 0.6589, 0.6681, 0.6762, 0.6837, 0.6929, 0.7033, 0.7061, 0.7173, 0.7232, 0.7322, 0.7434, 0.747, 0.7584, 0.763, 0.7738, 0.7837, 0.7893, 0.7985, 0.8067, 0.8139, 0.8232, 0.8274, 0.8386, 0.8508, 0.8553, 0.8664, 0.8695, 0.882, 0.895, 0.8994, 0.9097, 0.9223, 0.9273, 0.9387, 0.946, 0.9574, 0.9702, 0.9748, 0.9879, 1.0]

gammas
[0.0, 0.0, 0.0007, 0.0014, 0.0032, 0.0067, 0.0078, 0.0128, 0.0152, 0.0217, 0.0277, 0.0328, 0.0392, 0.0472, 0.0527, 0.0604, 0.0674, 0.0762, 0.0861, 0.0924, 0.1014, 0.107, 0.1176, 0.1297, 0.1366, 0.1502, 0.1582, 0.167, 0.181, 0.1851, 0.1994, 0.2119, 0.2198, 0.233, 0.2404, 0.2509, 0.265, 0.2732, 0.2877, 0.3033, 0.3069, 0.3228, 0.3295, 0.3432, 0.3581, 0.3642, 0.382, 0.3851, 0.4014, 0.4164, 0.4238, 0.4385, 0.4527, 0.4611, 0.4745, 0.4834, 0.4987, 0.5119, 0.5209, 0.5379, 0.5411, 0.5569, 0.5738, 0.5788, 0.5946, 0.6092, 0.6189, 0.6327, 0.6393, 0.6553, 0.6691, 0.678, 0.6916, 0.6995, 0.7137, 0.7288, 0.7357, 0.7515, 0.7683, 0.7736, 0.7893, 0.7976, 0.8114, 0.8242, 0.8322, 0.8461, 0.8555, 0.868, 0.88, 0.8881, 0.9028, 0.9152, 0.9227, 0.9363, 0.9415, 0.9551, 0.9673, 0.9752, 0.9871, 1.0]

C_total
[0.     0.0124 0.0368 0.048  0.0712 0.0916 0.1032 0.1226 0.131  0.1486
 0.165  0.1758 0.1914 0.204  0.212  0.2278 0.2274 0.2398 0.249  0.2564
 0.2704 0.2784 0.2854 0.2966 0.3044 0.3088 0.3182 0.3168 0.3278 0.328
 0.3336 0.3396 0.3442 0.3488 0.3452 0.3584 0.3666 0.3618 0.369  0.372
 0.3702 0.3694 0.3686 0.3768 0.3768 0.3802 0.3704 0.3818 0.3744 0.3754
 0.377  0.3738 0.3758 0.3782 0.3686 0.3678 0.3644 0.359  0.372  0.3568
 0.3598 0.3534 0.3572 0.3526 0.3436 0.3384 0.3348 0.3268 0.3242 0.3196
 0.3086 0.309  0.3012 0.2948 0.2904 0.2806 0.276  0.2642 0.2562 0.2486
 0.2354 0.2372 0.219  0.214  0.2008 0.1904 0.179  0.1672 0.154  0.1468
 0.1326 0.1152 0.1074 0.0976 0.0798 0.0694 0.0476 0.0406 0.0198 0.    ]

C11
[0.0, 0.0124, 0.0362, 0.0474, 0.0688, 0.0886, 0.0988, 0.1156, 0.123, 0.1376, 0.1544, 0.16, 0.1728, 0.1834, 0.1854, 0.2016, 0.1978, 0.2052, 0.2148, 0.222, 0.2304, 0.2308, 0.2388, 0.245, 0.247, 0.2508, 0.2568, 0.2546, 0.2516, 0.2622, 0.2654, 0.2688, 0.2638, 0.2652, 0.2706, 0.271, 0.2732, 0.2732, 0.2768, 0.2746, 0.2698, 0.2722, 0.276, 0.2754, 0.274, 0.2752, 0.2612, 0.272, 0.2656, 0.263, 0.2662, 0.2614, 0.265, 0.2642, 0.2548, 0.2558, 0.253, 0.252, 0.2516, 0.2456, 0.2424, 0.2372, 0.2392, 0.2358, 0.2372, 0.2238, 0.2232, 0.2164, 0.2146, 0.2108, 0.2062, 0.2024, 0.193, 0.1902, 0.1882, 0.179, 0.1772, 0.1698, 0.1668, 0.1592, 0.1508, 0.1502, 0.143, 0.1316, 0.1268, 0.1178, 0.1184, 0.1096, 0.0952, 0.0994, 0.0796, 0.071, 0.0654, 0.0612, 0.0506, 0.0412, 0.028, 0.0258, 0.012, 0.0]

C12
[0.0, 0.0, 0.0002, 0.0002, 0.0008, 0.0008, 0.0014, 0.0022, 0.0024, 0.005, 0.0034, 0.0044, 0.0074, 0.0068, 0.0108, 0.0068, 0.0118, 0.0118, 0.0122, 0.0122, 0.0118, 0.0176, 0.0176, 0.0176, 0.0188, 0.0166, 0.0182, 0.0206, 0.0274, 0.0226, 0.022, 0.0232, 0.0304, 0.0296, 0.0274, 0.0278, 0.0316, 0.0294, 0.0308, 0.0328, 0.0344, 0.0328, 0.0342, 0.035, 0.0342, 0.0346, 0.0396, 0.0362, 0.0374, 0.038, 0.0382, 0.0368, 0.0366, 0.0368, 0.041, 0.0406, 0.0394, 0.0374, 0.0408, 0.0394, 0.0398, 0.039, 0.042, 0.04, 0.036, 0.0438, 0.0394, 0.0376, 0.0382, 0.0386, 0.0342, 0.0364, 0.035, 0.0358, 0.0374, 0.0352, 0.031, 0.0328, 0.0298, 0.0306, 0.0298, 0.0322, 0.026, 0.0292, 0.0264, 0.0238, 0.022, 0.0212, 0.0192, 0.0154, 0.018, 0.0152, 0.0146, 0.0138, 0.0122, 0.0078, 0.0074, 0.0042, 0.003, 0.0]

C21
[0.0, 0.0, 0.0004, 0.0002, 0.0016, 0.002, 0.0028, 0.004, 0.004, 0.0044, 0.0064, 0.0102, 0.0088, 0.0108, 0.0134, 0.0154, 0.013, 0.0148, 0.0146, 0.0166, 0.0186, 0.022, 0.0186, 0.024, 0.0272, 0.0276, 0.0284, 0.0278, 0.0298, 0.0292, 0.032, 0.03, 0.0318, 0.0314, 0.028, 0.0342, 0.04, 0.038, 0.0398, 0.0408, 0.04, 0.0386, 0.0362, 0.0386, 0.0404, 0.0418, 0.0404, 0.0442, 0.0412, 0.0438, 0.0416, 0.0392, 0.0448, 0.0446, 0.0374, 0.0416, 0.041, 0.036, 0.045, 0.04, 0.0414, 0.039, 0.0432, 0.046, 0.039, 0.042, 0.0422, 0.038, 0.0394, 0.0378, 0.0368, 0.0372, 0.0378, 0.0358, 0.0344, 0.0366, 0.0376, 0.0326, 0.0312, 0.0326, 0.0282, 0.0284, 0.0254, 0.026, 0.0246, 0.0264, 0.0194, 0.0188, 0.017, 0.018, 0.0166, 0.013, 0.012, 0.0134, 0.009, 0.0114, 0.0068, 0.005, 0.0032, 0.0]

C22
[0.0, 0.0, 0.0, 0.0002, 0.0, 0.0002, 0.0002, 0.0008, 0.0016, 0.0016, 0.0008, 0.0012, 0.0024, 0.003, 0.0024, 0.004, 0.0048, 0.008, 0.0074, 0.0056, 0.0096, 0.008, 0.0104, 0.01, 0.0114, 0.0138, 0.0148, 0.0138, 0.019, 0.014, 0.0142, 0.0176, 0.0182, 0.0226, 0.0192, 0.0254, 0.0218, 0.0212, 0.0216, 0.0238, 0.026, 0.0258, 0.0222, 0.0278, 0.0282, 0.0286, 0.0292, 0.0294, 0.0302, 0.0306, 0.031, 0.0364, 0.0294, 0.0326, 0.0354, 0.0298, 0.031, 0.0336, 0.0346, 0.0318, 0.0362, 0.0382, 0.0328, 0.0308, 0.0314, 0.0288, 0.03, 0.0348, 0.032, 0.0324, 0.0314, 0.033, 0.0354, 0.033, 0.0304, 0.0298, 0.0302, 0.029, 0.0284, 0.0262, 0.0266, 0.0264, 0.0246, 0.0272, 0.023, 0.0224, 0.0192, 0.0176, 0.0226, 0.014, 0.0184, 0.016, 0.0154, 0.0092, 0.008, 0.009, 0.0054, 0.0056, 0.0016, 0.0]
