 0.0
 0.0
 0.0006
 0.0005
 0.0014
 0.0018
 0.0039
 0.0052
 0.0047
 0.0079
 0.0084
 0.0112
 0.013
 0.0149
 0.0165
 0.0182
 0.0201
 0.021
 0.0235
 0.0288
 0.0295
 0.0328
 0.0359
 0.0375
 0.0401
 0.0415
 0.0425
 0.0496
 0.0517
 0.0539
 0.0573
 0.0586
 0.0638
 0.0676
 0.0636
 0.0724
 0.0784
 0.0789
 0.0813
 0.0837
 0.091
 0.0932
 0.0999
 0.0966
 0.0992
 0.0991
 0.1047
 0.1024
 0.1085
 0.108
 0.1105
 0.1141
 0.1262
 0.1211
 0.1141
 0.1228
 0.124
 0.1274
 0.129
 0.1255
 0.1313
 0.1314
 0.1311
 0.145
 0.1329
 0.1371
 0.1419
 0.141
 0.1384
 0.1406
 0.1399
 0.1395
 0.1366
 0.1309
 0.1329
 0.1364
 0.1298
 0.1292
 0.1246
 0.1235
 0.1197
 0.1189
 0.115
 0.1095
 0.1053
 0.1029
 0.1031
 0.0908
 0.0825
 0.0858
 0.0782
 0.0693
 0.0631
 0.0567
 0.0499
 0.0448
 0.0324
 0.0242
 0.0134
 0.0
