# sites: N100, total steps: 30000, steady_state: 12000 
rho_t
[0.0, 0.0202, 0.0404, 0.0606, 0.0808, 0.101, 0.1212, 0.1414, 0.1616, 0.1818, 0.202, 0.2222, 0.2424, 0.2626, 0.2828, 0.303, 0.3232, 0.3434, 0.3636, 0.3838, 0.404, 0.4242, 0.4444, 0.4646, 0.4848, 0.5051, 0.5253, 0.5455, 0.5657, 0.5859, 0.6061, 0.6263, 0.6465, 0.6667, 0.6869, 0.7071, 0.7273, 0.7475, 0.7677, 0.7879, 0.8081, 0.8283, 0.8485, 0.8687, 0.8889, 0.9091, 0.9293, 0.9495, 0.9697, 0.9899, 1.0101, 1.0303, 1.0505, 1.0707, 1.0909, 1.1111, 1.1313, 1.1515, 1.1717, 1.1919, 1.2121, 1.2323, 1.2525, 1.2727, 1.2929, 1.3131, 1.3333, 1.3535, 1.3737, 1.3939, 1.4141, 1.4343, 1.4545, 1.4747, 1.4949, 1.5152, 1.5354, 1.5556, 1.5758, 1.596, 1.6162, 1.6364, 1.6566, 1.6768, 1.697, 1.7172, 1.7374, 1.7576, 1.7778, 1.798, 1.8182, 1.8384, 1.8586, 1.8788, 1.899, 1.9192, 1.9394, 1.9596, 1.9798, 2.0]

rhos
[0.0, 0.0199, 0.0388, 0.0571, 0.075, 0.0916, 0.1088, 0.1246, 0.14, 0.1556, 0.1702, 0.1843, 0.1985, 0.2126, 0.2263, 0.2394, 0.2514, 0.2644, 0.2766, 0.288, 0.3005, 0.312, 0.323, 0.3349, 0.3454, 0.3571, 0.3672, 0.3782, 0.388, 0.3982, 0.4084, 0.4188, 0.428, 0.4384, 0.4482, 0.4567, 0.467, 0.4767, 0.4857, 0.4947, 0.5041, 0.513, 0.5211, 0.53, 0.5382, 0.5474, 0.5566, 0.5649, 0.5734, 0.5814, 0.5942, 0.6031, 0.6111, 0.6189, 0.6276, 0.6358, 0.6435, 0.6514, 0.6597, 0.6678, 0.6758, 0.6836, 0.6915, 0.6992, 0.707, 0.7147, 0.7229, 0.731, 0.7392, 0.7462, 0.7542, 0.7622, 0.7696, 0.7777, 0.7852, 0.7929, 0.8008, 0.8091, 0.8165, 0.8247, 0.8319, 0.8402, 0.8477, 0.8564, 0.8642, 0.8721, 0.8803, 0.8889, 0.8969, 0.9051, 0.9136, 0.922, 0.9304, 0.9393, 0.948, 0.9572, 0.9663, 0.9757, 0.9852, 1.0]

gammas
[0.0, 0.0001, 0.0012, 0.0029, 0.005, 0.0084, 0.0112, 0.0154, 0.02, 0.0244, 0.0298, 0.0357, 0.0415, 0.0474, 0.0537, 0.0606, 0.0686, 0.0756, 0.0834, 0.092, 0.0995, 0.108, 0.117, 0.1251, 0.1346, 0.1429, 0.1528, 0.1618, 0.172, 0.1818, 0.1916, 0.2012, 0.212, 0.2216, 0.2318, 0.2433, 0.253, 0.2633, 0.2743, 0.2853, 0.2959, 0.307, 0.3189, 0.33, 0.3418, 0.3526, 0.3634, 0.3751, 0.3866, 0.3986, 0.4158, 0.4269, 0.4389, 0.4511, 0.4624, 0.4742, 0.4865, 0.4986, 0.5103, 0.5222, 0.5342, 0.5464, 0.5585, 0.5708, 0.583, 0.5953, 0.6071, 0.619, 0.6308, 0.6438, 0.6558, 0.6678, 0.6804, 0.6923, 0.7048, 0.7171, 0.7292, 0.7409, 0.7535, 0.7653, 0.7781, 0.7898, 0.8023, 0.8136, 0.8258, 0.8379, 0.8497, 0.8611, 0.8731, 0.8849, 0.8964, 0.908, 0.9196, 0.9307, 0.942, 0.9528, 0.9637, 0.9743, 0.9848, 1.0]

C_total
[0.         0.02016667 0.04038889 0.06127778 0.07927778 0.10033333
 0.11788889 0.13927778 0.15861111 0.17822222 0.19705556 0.21644444
 0.23388889 0.25505556 0.26988889 0.29033333 0.30805556 0.32561111
 0.34311111 0.35538889 0.37327778 0.39155556 0.40872222 0.42411111
 0.43616667 0.45761111 0.46916667 0.48522222 0.49516667 0.50516667
 0.52227778 0.53883333 0.55038889 0.56372222 0.57311111 0.58177778
 0.59727778 0.60344444 0.61438889 0.62494444 0.63272222 0.63588889
 0.64544444 0.65344444 0.65888889 0.67166667 0.67955556 0.68272222
 0.68477778 0.69561111 0.69333333 0.70583333 0.70866667 0.70655556
 0.71388889 0.70772222 0.71494444 0.70661111 0.71511111 0.70977778
 0.70927778 0.70194444 0.69927778 0.70022222 0.69605556 0.68544444
 0.68716667 0.68811111 0.66794444 0.66527778 0.66016667 0.65866667
 0.64288889 0.63183333 0.61416667 0.61016667 0.59677778 0.57716667
 0.57116667 0.55433333 0.531      0.51705556 0.50355556 0.47961111
 0.46222222 0.43983333 0.41627778 0.38838889 0.37088889 0.34033333
 0.31972222 0.2935     0.25733333 0.2295     0.19811111 0.16677778
 0.13338889 0.09405556 0.05972222 0.        ]

C11
[0.0, 0.0198, 0.0382, 0.0553, 0.0713, 0.0845, 0.0982, 0.1128, 0.1262, 0.1378, 0.1486, 0.1582, 0.1686, 0.1785, 0.1861, 0.1909, 0.202, 0.2081, 0.2161, 0.2159, 0.2257, 0.227, 0.2323, 0.241, 0.2414, 0.2464, 0.2492, 0.2509, 0.2553, 0.2555, 0.2648, 0.2651, 0.2629, 0.2691, 0.2702, 0.2641, 0.2714, 0.2662, 0.2683, 0.2752, 0.2689, 0.2681, 0.2631, 0.264, 0.2646, 0.2657, 0.2654, 0.267, 0.2633, 0.2618, 0.2531, 0.2607, 0.2579, 0.2553, 0.2489, 0.2441, 0.2437, 0.2502, 0.2378, 0.2427, 0.2336, 0.2319, 0.2284, 0.2243, 0.218, 0.2158, 0.2168, 0.2104, 0.2006, 0.1972, 0.1951, 0.2009, 0.1834, 0.1813, 0.1743, 0.1773, 0.1672, 0.1617, 0.1601, 0.1549, 0.1444, 0.1439, 0.1378, 0.1287, 0.1222, 0.1161, 0.1096, 0.1003, 0.0956, 0.0887, 0.0873, 0.0756, 0.0659, 0.0582, 0.0508, 0.0403, 0.0342, 0.0234, 0.0144, 0.0]

C12
[0.0, 0.0002, 0.0008, 0.0026, 0.0036, 0.0069, 0.0084, 0.0111, 0.0135, 0.0169, 0.0196, 0.0233, 0.0272, 0.0312, 0.0334, 0.0408, 0.0429, 0.0458, 0.0503, 0.0566, 0.0593, 0.0654, 0.0687, 0.0712, 0.0773, 0.0818, 0.085, 0.0923, 0.0925, 0.0978, 0.0989, 0.1041, 0.1117, 0.1137, 0.1164, 0.1244, 0.1256, 0.1306, 0.1303, 0.1337, 0.1401, 0.142, 0.1467, 0.1461, 0.1469, 0.1543, 0.1562, 0.1535, 0.1586, 0.1616, 0.1664, 0.1629, 0.1692, 0.1655, 0.1705, 0.1656, 0.1695, 0.1683, 0.1691, 0.1677, 0.1719, 0.1679, 0.1714, 0.1712, 0.1684, 0.1705, 0.1678, 0.1658, 0.1663, 0.1648, 0.1649, 0.1603, 0.1624, 0.1588, 0.155, 0.1504, 0.1517, 0.1432, 0.1401, 0.1355, 0.1333, 0.1277, 0.1254, 0.1223, 0.1147, 0.1108, 0.105, 0.0976, 0.0931, 0.0832, 0.0772, 0.0736, 0.0637, 0.0578, 0.0491, 0.0426, 0.0326, 0.0237, 0.0151, 0.0]

C21
[0.0, 0.0002, 0.001, 0.0027, 0.0028, 0.0064, 0.0081, 0.0115, 0.0131, 0.0173, 0.02, 0.0247, 0.0276, 0.032, 0.0349, 0.0406, 0.0438, 0.0498, 0.0525, 0.0556, 0.0597, 0.0652, 0.0703, 0.0719, 0.0764, 0.0848, 0.0871, 0.0937, 0.0927, 0.0951, 0.1029, 0.1058, 0.112, 0.1139, 0.1173, 0.1187, 0.1259, 0.1277, 0.1307, 0.1337, 0.1354, 0.1357, 0.1403, 0.1474, 0.1488, 0.1495, 0.1564, 0.1567, 0.1559, 0.1605, 0.1576, 0.165, 0.1638, 0.1638, 0.1721, 0.1675, 0.17, 0.1667, 0.1742, 0.1695, 0.1717, 0.168, 0.1688, 0.1708, 0.1657, 0.1644, 0.1676, 0.1694, 0.1666, 0.1613, 0.1649, 0.1639, 0.1591, 0.1569, 0.1533, 0.1496, 0.1483, 0.1433, 0.1431, 0.1406, 0.1326, 0.1286, 0.1268, 0.1194, 0.1159, 0.1098, 0.104, 0.0955, 0.0931, 0.0834, 0.0793, 0.0742, 0.0634, 0.0568, 0.0499, 0.0422, 0.0333, 0.0231, 0.0158, 0.0]

C22
[0.0, 0.0, 0.0003, 0.0008, 0.0016, 0.0024, 0.0032, 0.0039, 0.0058, 0.0062, 0.0088, 0.0103, 0.0105, 0.0133, 0.0154, 0.0179, 0.0193, 0.0219, 0.0242, 0.0273, 0.0285, 0.0339, 0.0375, 0.0399, 0.0411, 0.0446, 0.0479, 0.0483, 0.0547, 0.0567, 0.0556, 0.0639, 0.0638, 0.067, 0.0692, 0.0746, 0.0744, 0.079, 0.0851, 0.0824, 0.0882, 0.0901, 0.0954, 0.096, 0.0985, 0.1022, 0.1014, 0.1056, 0.107, 0.1117, 0.1162, 0.1173, 0.1178, 0.1219, 0.1224, 0.1306, 0.1318, 0.1214, 0.1341, 0.1299, 0.1322, 0.1341, 0.1306, 0.134, 0.1439, 0.1347, 0.1349, 0.1425, 0.1345, 0.1419, 0.1352, 0.1336, 0.1379, 0.1348, 0.1316, 0.1329, 0.1295, 0.129, 0.1279, 0.1233, 0.1207, 0.1169, 0.1134, 0.1092, 0.1094, 0.1032, 0.0977, 0.0951, 0.0892, 0.085, 0.0759, 0.0701, 0.0642, 0.0566, 0.0483, 0.0417, 0.0333, 0.0238, 0.0144, 0.0]
