# site 	 DENSITY l1 	 DENSITY l2
0         	0.906     	0.946     
1         	0.898     	0.946     
2         	0.944     	0.946     
3         	0.951     	0.946     
4         	0.952     	0.945     
5         	0.952     	0.946     
6         	0.952     	0.945     
7         	0.952     	0.946     
8         	0.952     	0.946     
9         	0.952     	0.947     
10        	0.952     	0.946     
11        	0.951     	0.946     
12        	0.952     	0.945     
13        	0.952     	0.945     
14        	0.952     	0.946     
15        	0.952     	0.946     
16        	0.952     	0.947     
17        	0.952     	0.946     
18        	0.951     	0.945     
19        	0.953     	0.944     
20        	0.952     	0.946     
21        	0.952     	0.947     
22        	0.951     	0.946     
23        	0.951     	0.947     
24        	0.952     	0.946     
25        	0.952     	0.945     
26        	0.952     	0.946     
27        	0.950     	0.945     
28        	0.952     	0.946     
29        	0.951     	0.945     
30        	0.951     	0.945     
31        	0.952     	0.946     
32        	0.953     	0.945     
33        	0.951     	0.946     
34        	0.952     	0.945     
35        	0.951     	0.946     
36        	0.951     	0.946     
37        	0.951     	0.946     
38        	0.951     	0.945     
39        	0.953     	0.946     
40        	0.952     	0.947     
41        	0.952     	0.946     
42        	0.951     	0.947     
43        	0.952     	0.946     
44        	0.951     	0.945     
45        	0.951     	0.945     
46        	0.952     	0.944     
47        	0.952     	0.936     
48        	0.951     	0.869     
49        	0.951     	0.000     
