# site 	 DENSITY l1 	 DENSITY l2
0         	0.339     	0.118     
1         	0.284     	0.083     
2         	0.277     	0.079     
3         	0.273     	0.079     
4         	0.274     	0.079     
5         	0.272     	0.080     
6         	0.271     	0.078     
7         	0.273     	0.078     
8         	0.271     	0.079     
9         	0.271     	0.078     
10        	0.270     	0.079     
11        	0.271     	0.078     
12        	0.272     	0.079     
13        	0.272     	0.078     
14        	0.270     	0.078     
15        	0.270     	0.078     
16        	0.270     	0.077     
17        	0.271     	0.078     
18        	0.270     	0.078     
19        	0.270     	0.078     
20        	0.270     	0.078     
21        	0.269     	0.078     
22        	0.271     	0.078     
23        	0.270     	0.077     
24        	0.270     	0.077     
25        	0.269     	0.077     
26        	0.269     	0.079     
27        	0.271     	0.078     
28        	0.271     	0.077     
29        	0.270     	0.077     
30        	0.270     	0.078     
31        	0.270     	0.076     
32        	0.271     	0.076     
33        	0.270     	0.074     
34        	0.272     	0.075     
35        	0.270     	0.073     
36        	0.271     	0.072     
37        	0.273     	0.068     
38        	0.274     	0.059     
39        	0.264     	0.000     
