# site 	 DENSITY l1 	 DENSITY l2
0         	0.330     	0.303     
1         	0.276     	0.174     
2         	0.270     	0.109     
3         	0.267     	0.088     
4         	0.267     	0.081     
5         	0.267     	0.078     
6         	0.266     	0.077     
7         	0.266     	0.077     
8         	0.265     	0.076     
9         	0.265     	0.077     
10        	0.266     	0.076     
11        	0.265     	0.077     
12        	0.265     	0.077     
13        	0.263     	0.077     
14        	0.264     	0.077     
15        	0.265     	0.075     
16        	0.265     	0.078     
17        	0.265     	0.077     
18        	0.264     	0.077     
19        	0.266     	0.076     
20        	0.266     	0.077     
21        	0.266     	0.076     
22        	0.265     	0.075     
23        	0.265     	0.076     
24        	0.264     	0.076     
25        	0.264     	0.077     
26        	0.265     	0.077     
27        	0.265     	0.076     
28        	0.264     	0.076     
29        	0.265     	0.076     
30        	0.265     	0.076     
31        	0.266     	0.076     
32        	0.265     	0.077     
33        	0.264     	0.076     
34        	0.264     	0.076     
35        	0.264     	0.076     
36        	0.265     	0.075     
37        	0.265     	0.075     
38        	0.265     	0.075     
39        	0.264     	0.075     
40        	0.264     	0.075     
41        	0.264     	0.075     
42        	0.264     	0.074     
43        	0.265     	0.074     
44        	0.267     	0.073     
45        	0.268     	0.071     
46        	0.275     	0.071     
47        	0.296     	0.068     
48        	0.357     	0.059     
49        	0.668     	0.000     
