# parameters step: 11 k12_values: [0.0, 0.1, 0.2, 0.3, 0.4, 0.5, 0.6, 0.7, 0.8, 0.9, 1.0] 
#  k21_values [1.  0.9 0.8 0.7 0.6 0.5 0.4 0.3 0.2 0.1 0. ] 
# 
651       	409       	400       	401       	411       	380       	392       	396       	382       	387       	380       
651       	407       	409       	396       	389       	407       	363       	393       	411       	410       	402       
651       	402       	371       	403       	389       	384       	390       	382       	412       	371       	396       
651       	407       	429       	425       	390       	418       	390       	384       	365       	394       	396       
651       	423       	378       	366       	415       	413       	417       	367       	399       	396       	390       
651       	407       	366       	417       	417       	425       	416       	391       	392       	403       	369       
651       	414       	412       	376       	365       	377       	418       	395       	413       	394       	395       
651       	425       	400       	406       	400       	396       	361       	393       	412       	410       	404       
651       	423       	441       	453       	442       	417       	420       	412       	395       	384       	432       
651       	405       	367       	416       	415       	452       	406       	381       	419       	408       	429       
651       	651       	651       	651       	651       	651       	651       	651       	651       	651       	651       
