# parameters step: 20 k12_values: [0.0, 0.05, 0.11, 0.16, 0.21, 0.26, 0.32, 0.37, 0.42, 0.47, 0.53, 0.58, 0.63, 0.68, 0.74, 0.79, 0.84, 0.89, 0.95, 1.0] 
#  k21_values [1.   0.95 0.89 0.84 0.79 0.74 0.68 0.63 0.58 0.53 0.47 0.42 0.37 0.32
#  0.26 0.21 0.16 0.11 0.05 0.  ] 
# 
600       	235       	220       	214       	210       	206       	199       	199       	199       	200       	191       	191       	196       	200       	192       	196       	194       	195       	191       	193       
600       	233       	207       	209       	210       	199       	204       	197       	197       	195       	199       	194       	197       	199       	191       	203       	196       	196       	195       	196       
600       	240       	215       	215       	212       	205       	211       	199       	203       	196       	194       	195       	195       	191       	195       	201       	197       	197       	190       	193       
600       	242       	221       	224       	207       	211       	202       	199       	197       	195       	191       	200       	193       	196       	195       	195       	200       	196       	196       	199       
600       	243       	212       	215       	208       	198       	206       	193       	194       	195       	199       	198       	189       	195       	194       	199       	191       	190       	195       	194       
600       	262       	227       	225       	204       	196       	202       	198       	198       	201       	197       	188       	194       	203       	195       	192       	192       	197       	197       	198       
600       	237       	218       	210       	200       	203       	197       	196       	205       	199       	199       	201       	201       	197       	189       	190       	190       	193       	201       	196       
600       	258       	218       	202       	210       	204       	203       	196       	201       	192       	196       	198       	193       	195       	202       	194       	197       	194       	192       	193       
600       	267       	213       	212       	203       	201       	201       	199       	189       	201       	193       	192       	196       	193       	189       	196       	196       	192       	192       	195       
600       	246       	234       	212       	202       	198       	202       	200       	203       	195       	190       	199       	195       	201       	195       	203       	194       	196       	198       	195       
600       	248       	215       	218       	210       	206       	201       	202       	202       	200       	202       	204       	198       	203       	202       	191       	203       	193       	197       	197       
600       	269       	227       	217       	212       	207       	203       	198       	197       	194       	200       	200       	196       	202       	195       	199       	198       	201       	197       	195       
600       	273       	229       	214       	209       	209       	198       	206       	201       	204       	199       	201       	209       	202       	191       	200       	200       	203       	201       	197       
600       	260       	234       	218       	208       	211       	212       	203       	201       	204       	197       	207       	191       	192       	203       	199       	197       	197       	195       	199       
600       	258       	250       	226       	218       	219       	207       	203       	214       	210       	210       	204       	202       	204       	203       	207       	211       	211       	201       	197       
600       	267       	247       	232       	220       	218       	219       	203       	205       	206       	209       	207       	209       	206       	206       	211       	205       	212       	201       	208       
600       	301       	244       	240       	234       	224       	221       	231       	215       	219       	221       	223       	214       	206       	212       	205       	218       	215       	210       	206       
600       	340       	276       	253       	247       	236       	233       	222       	221       	222       	220       	224       	223       	217       	222       	216       	222       	223       	224       	213       
600       	347       	295       	292       	272       	289       	276       	263       	243       	249       	256       	253       	263       	243       	256       	260       	241       	239       	232       	241       
600       	600       	600       	600       	600       	600       	600       	600       	600       	600       	600       	600       	600       	600       	600       	600       	600       	600       	600       	600       
