# Heatmaps of avg density, and avg current


rho matrix
[[0.65   1.     1.     1.     1.     1.     1.     1.     1.     1.
  1.    ]
 [0.3    0.6975 0.7594 0.7987 0.8208 0.8394 0.8532 0.8649 0.8739 0.8819
  0.8884]
 [0.3    0.6361 0.699  0.7362 0.7631 0.7822 0.7979 0.8111 0.8233 0.8325
  0.8402]
 [0.3    0.6024 0.665  0.702  0.728  0.7486 0.7644 0.778  0.7894 0.8
  0.8087]
 [0.3    0.58   0.6414 0.6773 0.7031 0.7231 0.7402 0.7539 0.7659 0.7764
  0.7855]
 [0.3    0.565  0.6228 0.6588 0.6851 0.705  0.7216 0.7352 0.7466 0.7576
  0.7669]
 [0.3    0.5539 0.6101 0.6447 0.67   0.6898 0.7067 0.72   0.732  0.7424
  0.7517]
 [0.3    0.5446 0.5981 0.6324 0.6578 0.6776 0.6933 0.7074 0.719  0.7298
  0.7393]
 [0.3    0.5349 0.5905 0.6237 0.6483 0.6679 0.6834 0.6974 0.7092 0.7195
  0.7285]
 [0.3    0.5276 0.5827 0.6154 0.6394 0.6587 0.6749 0.6885 0.6999 0.71
  0.7196]
 [0.3    0.5219 0.5756 0.6077 0.6321 0.6508 0.6667 0.6802 0.6913 0.7024
  0.7112]]


gamma matrix
[[0.65   0.3    0.3    0.3    0.3    0.3    0.3    0.3    0.3    0.3
  0.3   ]
 [1.     0.6025 0.5406 0.5013 0.4792 0.4606 0.4468 0.4351 0.4261 0.4181
  0.4116]
 [1.     0.6639 0.601  0.5638 0.5369 0.5178 0.5021 0.4889 0.4767 0.4675
  0.4598]
 [1.     0.6976 0.635  0.598  0.572  0.5514 0.5356 0.522  0.5106 0.5
  0.4913]
 [1.     0.72   0.6586 0.6227 0.5969 0.5769 0.5598 0.5461 0.5341 0.5236
  0.5145]
 [1.     0.735  0.6772 0.6412 0.6149 0.595  0.5784 0.5648 0.5534 0.5424
  0.5331]
 [1.     0.7461 0.6899 0.6553 0.63   0.6102 0.5933 0.58   0.568  0.5576
  0.5483]
 [1.     0.7554 0.7019 0.6676 0.6422 0.6224 0.6067 0.5927 0.581  0.5702
  0.5607]
 [1.     0.7651 0.7095 0.6763 0.6517 0.6321 0.6166 0.6026 0.5908 0.5805
  0.5715]
 [1.     0.7724 0.7173 0.6846 0.6606 0.6413 0.6251 0.6115 0.6001 0.59
  0.5804]
 [1.     0.7781 0.7244 0.6923 0.6679 0.6492 0.6333 0.6198 0.6087 0.5976
  0.5888]]


C11 matrix
[[0.231 0.    0.    0.    0.    0.    0.    0.    0.    0.    0.   ]
 [0.212 0.257 0.216 0.184 0.164 0.161 0.139 0.123 0.119 0.104 0.109]
 [0.212 0.278 0.253 0.229 0.213 0.191 0.171 0.165 0.156 0.143 0.137]
 [0.213 0.286 0.273 0.25  0.239 0.217 0.2   0.187 0.172 0.17  0.162]
 [0.213 0.288 0.282 0.264 0.24  0.228 0.22  0.214 0.194 0.187 0.168]
 [0.213 0.292 0.286 0.271 0.249 0.241 0.222 0.217 0.204 0.197 0.192]
 [0.212 0.287 0.29  0.266 0.254 0.247 0.233 0.221 0.219 0.208 0.205]
 [0.212 0.287 0.296 0.278 0.271 0.257 0.237 0.229 0.222 0.217 0.205]
 [0.212 0.292 0.293 0.28  0.267 0.256 0.249 0.239 0.231 0.214 0.209]
 [0.213 0.289 0.292 0.282 0.277 0.258 0.258 0.243 0.235 0.226 0.211]
 [0.213 0.289 0.294 0.287 0.269 0.261 0.251 0.238 0.231 0.226 0.223]]


C12 matrix
[[0.    0.    0.    0.    0.    0.    0.    0.    0.    0.    0.   ]
 [0.    0.021 0.027 0.033 0.037 0.034 0.042 0.042 0.043 0.041 0.043]
 [0.    0.031 0.042 0.052 0.055 0.059 0.065 0.067 0.063 0.073 0.073]
 [0.    0.036 0.051 0.066 0.069 0.079 0.08  0.087 0.089 0.094 0.096]
 [0.    0.041 0.057 0.071 0.081 0.091 0.09  0.097 0.103 0.105 0.116]
 [0.    0.044 0.063 0.078 0.087 0.097 0.108 0.11  0.115 0.119 0.12 ]
 [0.    0.048 0.068 0.087 0.103 0.104 0.119 0.121 0.127 0.13  0.133]
 [0.    0.051 0.074 0.086 0.101 0.114 0.123 0.127 0.136 0.141 0.143]
 [0.    0.052 0.075 0.091 0.109 0.12  0.129 0.13  0.148 0.148 0.153]
 [0.    0.056 0.076 0.097 0.109 0.123 0.13  0.137 0.144 0.157 0.167]
 [0.    0.06  0.081 0.095 0.119 0.131 0.14  0.15  0.157 0.163 0.171]]


C21 matrix
[[0.    0.    0.    0.    0.    0.    0.    0.    0.    0.    0.   ]
 [0.    0.027 0.04  0.042 0.05  0.045 0.048 0.048 0.048 0.045 0.047]
 [0.    0.037 0.052 0.061 0.067 0.07  0.065 0.073 0.067 0.072 0.073]
 [0.    0.046 0.06  0.07  0.082 0.087 0.086 0.093 0.086 0.094 0.096]
 [0.    0.04  0.069 0.078 0.091 0.096 0.1   0.109 0.108 0.111 0.11 ]
 [0.    0.04  0.072 0.085 0.097 0.102 0.111 0.115 0.12  0.118 0.124]
 [0.    0.043 0.077 0.088 0.103 0.109 0.123 0.129 0.133 0.132 0.138]
 [0.    0.044 0.081 0.096 0.112 0.118 0.126 0.133 0.139 0.149 0.145]
 [0.    0.049 0.079 0.099 0.116 0.127 0.132 0.144 0.152 0.148 0.154]
 [0.    0.048 0.079 0.1   0.121 0.128 0.146 0.148 0.15  0.158 0.167]
 [0.    0.051 0.076 0.103 0.122 0.136 0.144 0.152 0.157 0.164 0.175]]


C22_matrix
[[0.199 0.212 0.214 0.212 0.213 0.212 0.211 0.214 0.214 0.212 0.211]
 [0.    0.186 0.206 0.213 0.213 0.204 0.206 0.216 0.205 0.213 0.202]
 [0.    0.157 0.174 0.187 0.19  0.196 0.204 0.195 0.203 0.198 0.199]
 [0.    0.143 0.16  0.168 0.173 0.18  0.184 0.18  0.189 0.187 0.181]
 [0.    0.133 0.147 0.16  0.166 0.171 0.176 0.165 0.175 0.175 0.178]
 [0.    0.126 0.142 0.148 0.16  0.158 0.164 0.169 0.167 0.166 0.164]
 [0.    0.121 0.132 0.146 0.151 0.158 0.155 0.157 0.152 0.16  0.155]
 [0.    0.119 0.126 0.134 0.138 0.147 0.151 0.15  0.148 0.149 0.155]
 [0.    0.112 0.123 0.135 0.134 0.141 0.142 0.146 0.142 0.146 0.148]
 [0.    0.105 0.12  0.129 0.133 0.135 0.131 0.137 0.143 0.136 0.142]
 [0.    0.104 0.112 0.122 0.126 0.13  0.13  0.134 0.137 0.136 0.136]]


C_total matrix
[[0.43  0.212 0.214 0.212 0.213 0.212 0.211 0.214 0.214 0.212 0.211]
 [0.212 0.491 0.488 0.472 0.463 0.444 0.435 0.429 0.414 0.404 0.401]
 [0.212 0.503 0.522 0.529 0.526 0.517 0.504 0.499 0.488 0.487 0.481]
 [0.213 0.512 0.544 0.555 0.562 0.563 0.55  0.547 0.536 0.545 0.535]
 [0.213 0.501 0.554 0.573 0.579 0.586 0.586 0.586 0.58  0.578 0.572]
 [0.213 0.502 0.563 0.582 0.593 0.599 0.604 0.612 0.606 0.601 0.599]
 [0.212 0.499 0.567 0.587 0.612 0.618 0.629 0.628 0.631 0.629 0.631]
 [0.212 0.501 0.576 0.594 0.622 0.636 0.637 0.64  0.645 0.656 0.648]
 [0.212 0.505 0.569 0.606 0.626 0.643 0.652 0.658 0.673 0.657 0.664]
 [0.213 0.498 0.566 0.608 0.641 0.644 0.666 0.665 0.671 0.676 0.686]
 [0.213 0.505 0.563 0.607 0.636 0.659 0.665 0.675 0.681 0.689 0.704]]
