# Heatmaps of avg density, and avg current


rho matrix
[[0.3    0.9446 0.9467 0.9425 0.9338 0.9375 0.9303 0.9291 0.9317 0.9272]
 [0.3    0.6935 0.7576 0.7942 0.8173 0.836  0.8493 0.8608 0.8713 0.8782]
 [0.3    0.6348 0.6976 0.7355 0.761  0.7812 0.7971 0.8103 0.8203 0.8297]
 [0.3    0.6034 0.6629 0.7003 0.7271 0.7475 0.764  0.7778 0.7881 0.7984]
 [0.3    0.5812 0.6401 0.6769 0.7021 0.7238 0.7403 0.7541 0.7659 0.7762]
 [0.3    0.5653 0.6232 0.6594 0.6851 0.7055 0.7223 0.7353 0.7474 0.7578]
 [0.3    0.5549 0.6114 0.6465 0.6714 0.6906 0.7069 0.7214 0.7326 0.7429]
 [0.3    0.5449 0.6001 0.6338 0.6598 0.6788 0.6948 0.7083 0.7204 0.7307]
 [0.3    0.5373 0.5915 0.6253 0.6492 0.6686 0.6845 0.6981 0.7099 0.7204]
 [0.3    0.5307 0.5837 0.6168 0.6412 0.6606 0.6758 0.6893 0.7014 0.7112]]


gamma matrix
[[1.     0.3554 0.3533 0.3575 0.3662 0.3625 0.3697 0.3709 0.3683 0.3728]
 [1.     0.6065 0.5424 0.5058 0.4827 0.464  0.4507 0.4392 0.4287 0.4218]
 [1.     0.6652 0.6024 0.5645 0.539  0.5188 0.5029 0.4897 0.4797 0.4703]
 [1.     0.6966 0.6371 0.5997 0.5729 0.5525 0.536  0.5222 0.5119 0.5016]
 [1.     0.7188 0.6599 0.6231 0.5979 0.5762 0.5597 0.5459 0.5341 0.5238]
 [1.     0.7347 0.6768 0.6406 0.6149 0.5945 0.5777 0.5647 0.5526 0.5422]
 [1.     0.7451 0.6886 0.6535 0.6286 0.6094 0.5931 0.5786 0.5674 0.5571]
 [1.     0.7551 0.6999 0.6662 0.6402 0.6212 0.6052 0.5917 0.5796 0.5693]
 [1.     0.7627 0.7085 0.6747 0.6508 0.6314 0.6155 0.6019 0.5901 0.5796]
 [1.     0.7693 0.7163 0.6832 0.6588 0.6394 0.6242 0.6107 0.5986 0.5888]]


C11 matrix
[[0.213 0.003 0.    0.    0.    0.    0.    0.    0.    0.   ]
 [0.212 0.231 0.184 0.143 0.122 0.101 0.087 0.078 0.068 0.061]
 [0.212 0.265 0.232 0.203 0.175 0.148 0.14  0.13  0.116 0.114]
 [0.213 0.278 0.25  0.226 0.205 0.19  0.173 0.16  0.15  0.138]
 [0.212 0.279 0.262 0.245 0.224 0.212 0.192 0.182 0.176 0.161]
 [0.21  0.285 0.281 0.251 0.234 0.226 0.214 0.201 0.189 0.172]
 [0.215 0.288 0.279 0.266 0.255 0.235 0.226 0.212 0.198 0.192]
 [0.211 0.29  0.285 0.271 0.254 0.246 0.236 0.22  0.204 0.197]
 [0.212 0.292 0.289 0.28  0.264 0.255 0.242 0.228 0.224 0.209]
 [0.212 0.293 0.289 0.283 0.268 0.255 0.248 0.235 0.225 0.22 ]]


C12 matrix
[[0.    0.163 0.207 0.233 0.249 0.253 0.255 0.255 0.255 0.254]
 [0.    0.107 0.14  0.158 0.172 0.184 0.186 0.189 0.194 0.193]
 [0.    0.086 0.119 0.145 0.161 0.175 0.183 0.186 0.197 0.191]
 [0.    0.078 0.118 0.135 0.148 0.162 0.17  0.176 0.183 0.191]
 [0.    0.076 0.11  0.129 0.147 0.153 0.169 0.177 0.18  0.188]
 [0.    0.07  0.101 0.12  0.139 0.149 0.154 0.17  0.179 0.18 ]
 [0.    0.065 0.092 0.117 0.131 0.142 0.156 0.158 0.172 0.179]
 [0.    0.06  0.091 0.113 0.13  0.142 0.154 0.163 0.166 0.177]
 [0.    0.06  0.087 0.107 0.122 0.134 0.151 0.162 0.166 0.17 ]
 [0.    0.06  0.087 0.106 0.124 0.137 0.145 0.16  0.166 0.172]]


C21 matrix
[[0.    0.01  0.011 0.006 0.002 0.002 0.001 0.    0.    0.   ]
 [0.    0.046 0.06  0.067 0.074 0.079 0.077 0.072 0.079 0.081]
 [0.    0.049 0.069 0.083 0.094 0.098 0.102 0.11  0.101 0.102]
 [0.    0.051 0.077 0.082 0.103 0.109 0.112 0.118 0.12  0.123]
 [0.    0.051 0.08  0.1   0.11  0.118 0.123 0.127 0.138 0.135]
 [0.    0.048 0.079 0.097 0.106 0.118 0.132 0.139 0.139 0.14 ]
 [0.    0.052 0.083 0.102 0.121 0.127 0.136 0.141 0.149 0.148]
 [0.    0.054 0.08  0.105 0.114 0.131 0.144 0.152 0.152 0.162]
 [0.    0.056 0.083 0.106 0.118 0.137 0.152 0.159 0.161 0.162]
 [0.    0.052 0.083 0.109 0.127 0.142 0.154 0.159 0.164 0.168]]


C22_matrix
[[0.    0.1   0.053 0.023 0.007 0.004 0.001 0.    0.    0.   ]
 [0.    0.136 0.14  0.146 0.141 0.138 0.136 0.131 0.126 0.126]
 [0.    0.126 0.139 0.14  0.141 0.144 0.14  0.14  0.135 0.133]
 [0.    0.12  0.135 0.144 0.141 0.144 0.147 0.148 0.139 0.142]
 [0.    0.114 0.133 0.133 0.139 0.143 0.143 0.142 0.138 0.138]
 [0.    0.117 0.124 0.14  0.144 0.143 0.143 0.135 0.14  0.15 ]
 [0.    0.111 0.121 0.128 0.138 0.14  0.136 0.142 0.138 0.147]
 [0.    0.11  0.126 0.125 0.137 0.134 0.133 0.136 0.142 0.139]
 [0.    0.106 0.121 0.124 0.132 0.136 0.133 0.131 0.135 0.142]
 [0.    0.101 0.118 0.125 0.124 0.128 0.134 0.136 0.135 0.131]]


C_total matrix
[[0.213 0.276 0.271 0.263 0.259 0.259 0.256 0.255 0.255 0.254]
 [0.212 0.52  0.524 0.515 0.508 0.501 0.486 0.469 0.467 0.461]
 [0.212 0.525 0.559 0.571 0.571 0.565 0.566 0.565 0.549 0.541]
 [0.213 0.527 0.579 0.588 0.597 0.605 0.602 0.602 0.592 0.594]
 [0.212 0.52  0.584 0.607 0.619 0.626 0.627 0.629 0.632 0.622]
 [0.21  0.52  0.585 0.608 0.623 0.636 0.643 0.644 0.646 0.642]
 [0.215 0.516 0.575 0.613 0.644 0.644 0.655 0.652 0.658 0.666]
 [0.211 0.514 0.581 0.615 0.636 0.653 0.666 0.671 0.665 0.675]
 [0.212 0.513 0.58  0.616 0.635 0.662 0.679 0.681 0.686 0.682]
 [0.212 0.507 0.578 0.624 0.644 0.662 0.681 0.69  0.69  0.691]]
