# Heatmaps of avg density, and avg current


rho matrix
[[0.67 0.62 0.74 0.74 0.8  0.8  0.8  0.79 0.86 0.9 ]
 [0.62 0.69 0.7  0.71 0.7  0.82 0.78 0.81 0.85 0.83]
 [0.59 0.61 0.7  0.76 0.72 0.73 0.85 0.73 0.78 0.84]
 [0.52 0.62 0.67 0.63 0.76 0.71 0.73 0.79 0.79 0.81]
 [0.58 0.61 0.65 0.69 0.67 0.7  0.74 0.81 0.77 0.75]
 [0.57 0.62 0.62 0.65 0.62 0.71 0.72 0.76 0.78 0.76]
 [0.53 0.58 0.61 0.66 0.65 0.68 0.69 0.7  0.8  0.71]
 [0.51 0.61 0.61 0.64 0.69 0.64 0.67 0.73 0.7  0.78]
 [0.47 0.58 0.64 0.64 0.66 0.64 0.66 0.65 0.71 0.72]
 [0.53 0.54 0.62 0.66 0.62 0.64 0.69 0.73 0.73 0.69]]


gamma matrix
[[0.63 0.68 0.56 0.56 0.5  0.5  0.5  0.51 0.44 0.4 ]
 [0.68 0.61 0.6  0.59 0.6  0.48 0.52 0.49 0.45 0.47]
 [0.71 0.69 0.6  0.54 0.58 0.57 0.45 0.57 0.52 0.46]
 [0.78 0.68 0.63 0.67 0.54 0.59 0.57 0.51 0.51 0.49]
 [0.72 0.69 0.65 0.61 0.63 0.6  0.56 0.49 0.53 0.55]
 [0.73 0.68 0.68 0.65 0.68 0.59 0.58 0.54 0.52 0.54]
 [0.77 0.72 0.69 0.64 0.65 0.62 0.61 0.6  0.5  0.59]
 [0.79 0.69 0.69 0.66 0.61 0.66 0.63 0.57 0.6  0.52]
 [0.83 0.72 0.66 0.66 0.64 0.66 0.64 0.65 0.59 0.58]
 [0.77 0.76 0.68 0.64 0.68 0.66 0.61 0.57 0.57 0.61]]


C11 matrix
[[0. 0. 0. 0. 0. 0. 0. 0. 0. 0.]
 [0. 0. 0. 0. 0. 0. 0. 0. 0. 0.]
 [0. 0. 0. 0. 0. 0. 0. 0. 0. 0.]
 [0. 0. 0. 0. 0. 0. 0. 0. 0. 0.]
 [0. 0. 0. 0. 0. 0. 0. 0. 0. 0.]
 [0. 0. 0. 0. 0. 0. 0. 0. 0. 0.]
 [0. 0. 0. 0. 0. 0. 0. 0. 0. 0.]
 [0. 0. 0. 0. 0. 0. 0. 0. 0. 0.]
 [0. 0. 0. 0. 0. 0. 0. 0. 0. 0.]
 [0. 0. 0. 0. 0. 0. 0. 0. 0. 0.]]


C12 matrix
[[0. 0. 0. 0. 0. 0. 0. 0. 0. 0.]
 [0. 0. 0. 0. 0. 0. 0. 0. 0. 0.]
 [0. 0. 0. 0. 0. 0. 0. 0. 0. 0.]
 [0. 0. 0. 0. 0. 0. 0. 0. 0. 0.]
 [0. 0. 0. 0. 0. 0. 0. 0. 0. 0.]
 [0. 0. 0. 0. 0. 0. 0. 0. 0. 0.]
 [0. 0. 0. 0. 0. 0. 0. 0. 0. 0.]
 [0. 0. 0. 0. 0. 0. 0. 0. 0. 0.]
 [0. 0. 0. 0. 0. 0. 0. 0. 0. 0.]
 [0. 0. 0. 0. 0. 0. 0. 0. 0. 0.]]


C21 matrix
[[0. 0. 0. 0. 0. 0. 0. 0. 0. 0.]
 [0. 0. 0. 0. 0. 0. 0. 0. 0. 0.]
 [0. 0. 0. 0. 0. 0. 0. 0. 0. 0.]
 [0. 0. 0. 0. 0. 0. 0. 0. 0. 0.]
 [0. 0. 0. 0. 0. 0. 0. 0. 0. 0.]
 [0. 0. 0. 0. 0. 0. 0. 0. 0. 0.]
 [0. 0. 0. 0. 0. 0. 0. 0. 0. 0.]
 [0. 0. 0. 0. 0. 0. 0. 0. 0. 0.]
 [0. 0. 0. 0. 0. 0. 0. 0. 0. 0.]
 [0. 0. 0. 0. 0. 0. 0. 0. 0. 0.]]


C22_matrix
[[0. 0. 0. 0. 0. 0. 0. 0. 0. 0.]
 [0. 0. 0. 0. 0. 0. 0. 0. 0. 0.]
 [0. 0. 0. 0. 0. 0. 0. 0. 0. 0.]
 [0. 0. 0. 0. 0. 0. 0. 0. 0. 0.]
 [0. 0. 0. 0. 0. 0. 0. 0. 0. 0.]
 [0. 0. 0. 0. 0. 0. 0. 0. 0. 0.]
 [0. 0. 0. 0. 0. 0. 0. 0. 0. 0.]
 [0. 0. 0. 0. 0. 0. 0. 0. 0. 0.]
 [0. 0. 0. 0. 0. 0. 0. 0. 0. 0.]
 [0. 0. 0. 0. 0. 0. 0. 0. 0. 0.]]


C_total matrix
[[0. 0. 0. 0. 0. 0. 0. 0. 0. 0.]
 [0. 0. 0. 0. 0. 0. 0. 0. 0. 0.]
 [0. 0. 0. 0. 0. 0. 0. 0. 0. 0.]
 [0. 0. 0. 0. 0. 0. 0. 0. 0. 0.]
 [0. 0. 0. 0. 0. 0. 0. 0. 0. 0.]
 [0. 0. 0. 0. 0. 0. 0. 0. 0. 0.]
 [0. 0. 0. 0. 0. 0. 0. 0. 0. 0.]
 [0. 0. 0. 0. 0. 0. 0. 0. 0. 0.]
 [0. 0. 0. 0. 0. 0. 0. 0. 0. 0.]
 [0. 0. 0. 0. 0. 0. 0. 0. 0. 0.]]
