# Heatmaps of avg density, and avg current


rho matrix
[[0.6393 0.901  0.947  0.9743 0.9827 0.9947 0.976  0.9607 0.9993 0.9797]
 [0.446  0.686  0.761  0.779  0.8207 0.8393 0.841  0.8697 0.863  0.889 ]
 [0.4103 0.6167 0.705  0.7527 0.7567 0.7827 0.806  0.8057 0.8247 0.842 ]
 [0.3707 0.6317 0.6573 0.702  0.7213 0.7567 0.762  0.7847 0.7883 0.805 ]
 [0.358  0.5733 0.6337 0.6723 0.7087 0.7293 0.745  0.755  0.758  0.786 ]
 [0.3197 0.554  0.6163 0.6543 0.6753 0.6917 0.7257 0.739  0.7427 0.7553]
 [0.322  0.5717 0.6123 0.65   0.671  0.7033 0.7043 0.7153 0.738  0.736 ]
 [0.3167 0.543  0.5997 0.6367 0.64   0.6763 0.7007 0.712  0.7267 0.7423]
 [0.3217 0.5547 0.5897 0.6207 0.65   0.6813 0.6823 0.699  0.711  0.7107]
 [0.3217 0.5267 0.5983 0.6083 0.647  0.676  0.669  0.6853 0.699  0.708 ]]


gamma matrix
[[0.6607 0.399  0.353  0.3257 0.3173 0.3053 0.324  0.3393 0.3007 0.3203]
 [0.854  0.614  0.539  0.521  0.4793 0.4607 0.459  0.4303 0.437  0.411 ]
 [0.8897 0.6833 0.595  0.5473 0.5433 0.5173 0.494  0.4943 0.4753 0.458 ]
 [0.9293 0.6683 0.6427 0.598  0.5787 0.5433 0.538  0.5153 0.5117 0.495 ]
 [0.942  0.7267 0.6663 0.6277 0.5913 0.5707 0.555  0.545  0.542  0.514 ]
 [0.9803 0.746  0.6837 0.6457 0.6247 0.6083 0.5743 0.561  0.5573 0.5447]
 [0.978  0.7283 0.6877 0.65   0.629  0.5967 0.5957 0.5847 0.562  0.564 ]
 [0.9833 0.757  0.7003 0.6633 0.66   0.6237 0.5993 0.588  0.5733 0.5577]
 [0.9783 0.7453 0.7103 0.6793 0.65   0.6187 0.6177 0.601  0.589  0.5893]
 [0.9783 0.7733 0.7017 0.6917 0.653  0.624  0.631  0.6147 0.601  0.592 ]]


C11 matrix
[[0.133 0.033 0.    0.    0.    0.    0.    0.    0.    0.   ]
 [0.2   0.133 0.233 0.067 0.133 0.1   0.1   0.1   0.1   0.033]
 [0.2   0.2   0.3   0.2   0.033 0.2   0.167 0.2   0.167 0.1  ]
 [0.2   0.3   0.1   0.2   0.2   0.267 0.1   0.133 0.133 0.133]
 [0.2   0.233 0.333 0.333 0.2   0.3   0.3   0.267 0.167 0.167]
 [0.1   0.233 0.267 0.2   0.333 0.267 0.167 0.033 0.167 0.233]
 [0.3   0.267 0.3   0.167 0.2   0.233 0.233 0.167 0.233 0.333]
 [0.233 0.2   0.3   0.333 0.333 0.2   0.3   0.233 0.233 0.167]
 [0.233 0.3   0.233 0.167 0.333 0.2   0.2   0.167 0.3   0.267]
 [0.267 0.333 0.133 0.267 0.233 0.4   0.133 0.433 0.267 0.2  ]]


C12 matrix
[[0.1   0.167 0.267 0.167 0.067 0.167 0.267 0.233 0.167 0.267]
 [0.033 0.1   0.067 0.233 0.1   0.2   0.2   0.2   0.233 0.267]
 [0.033 0.133 0.067 0.167 0.167 0.167 0.133 0.233 0.167 0.167]
 [0.033 0.1   0.233 0.1   0.1   0.067 0.1   0.2   0.233 0.167]
 [0.    0.1   0.033 0.067 0.133 0.067 0.1   0.167 0.133 0.167]
 [0.    0.067 0.067 0.133 0.167 0.167 0.167 0.2   0.167 0.2  ]
 [0.    0.033 0.067 0.067 0.133 0.1   0.233 0.167 0.3   0.1  ]
 [0.    0.1   0.1   0.133 0.067 0.267 0.133 0.067 0.1   0.233]
 [0.    0.033 0.133 0.067 0.067 0.133 0.067 0.1   0.1   0.167]
 [0.    0.    0.1   0.067 0.133 0.067 0.233 0.067 0.133 0.267]]


C21 matrix
[[0.    0.    0.067 0.033 0.    0.033 0.033 0.    0.1   0.   ]
 [0.    0.    0.067 0.067 0.033 0.133 0.133 0.1   0.033 0.133]
 [0.    0.033 0.1   0.067 0.067 0.2   0.067 0.167 0.067 0.167]
 [0.    0.033 0.133 0.067 0.033 0.033 0.1   0.167 0.133 0.1  ]
 [0.    0.033 0.067 0.133 0.133 0.133 0.1   0.133 0.167 0.1  ]
 [0.    0.033 0.1   0.067 0.1   0.1   0.033 0.1   0.2   0.2  ]
 [0.    0.1   0.067 0.067 0.067 0.    0.167 0.167 0.167 0.133]
 [0.    0.067 0.1   0.233 0.067 0.2   0.1   0.1   0.167 0.1  ]
 [0.    0.067 0.1   0.    0.1   0.167 0.067 0.133 0.3   0.2  ]
 [0.    0.067 0.    0.    0.133 0.2   0.233 0.167 0.2   0.133]]


C22_matrix
[[0.133 0.1   0.067 0.1   0.167 0.1   0.    0.    0.1   0.033]
 [0.133 0.133 0.167 0.133 0.1   0.133 0.067 0.1   0.1   0.033]
 [0.033 0.167 0.2   0.133 0.2   0.    0.233 0.033 0.167 0.167]
 [0.033 0.1   0.067 0.167 0.067 0.133 0.267 0.133 0.167 0.1  ]
 [0.033 0.1   0.1   0.133 0.1   0.067 0.1   0.1   0.167 0.133]
 [0.    0.2   0.1   0.167 0.133 0.067 0.1   0.233 0.067 0.133]
 [0.    0.1   0.167 0.133 0.167 0.133 0.133 0.233 0.067 0.167]
 [0.033 0.1   0.167 0.1   0.133 0.067 0.067 0.233 0.067 0.133]
 [0.    0.1   0.1   0.2   0.1   0.133 0.133 0.1   0.067 0.133]
 [0.033 0.067 0.133 0.167 0.133 0.033 0.2   0.067 0.033 0.1  ]]


C_total matrix
[[0.367 0.3   0.4   0.3   0.233 0.3   0.3   0.233 0.367 0.3  ]
 [0.367 0.367 0.533 0.5   0.367 0.567 0.5   0.5   0.467 0.467]
 [0.267 0.533 0.667 0.567 0.467 0.567 0.6   0.633 0.567 0.6  ]
 [0.267 0.533 0.533 0.533 0.4   0.5   0.567 0.633 0.667 0.5  ]
 [0.233 0.467 0.533 0.667 0.567 0.567 0.6   0.667 0.633 0.567]
 [0.1   0.533 0.533 0.567 0.733 0.6   0.467 0.567 0.6   0.767]
 [0.3   0.5   0.6   0.433 0.567 0.467 0.767 0.733 0.767 0.733]
 [0.267 0.467 0.667 0.8   0.6   0.733 0.6   0.633 0.567 0.633]
 [0.233 0.5   0.567 0.433 0.6   0.633 0.467 0.5   0.767 0.767]
 [0.3   0.467 0.367 0.5   0.633 0.7   0.8   0.733 0.633 0.7  ]]
