# Heatmaps of avg density, and avg current
A1 = [0.   , 0.111, 0.222, 0.333, 0.444, 0.556, 0.667, 0.778, 0.889, 1.   ]
A2 = [0.   , 0.111, 0.222, 0.333, 0.444, 0.556, 0.667, 0.778, 0.889, 1.   ]
b1 = 0.6    
b2 = 0.6 

k11_1 = 1     	# steping probability for particle 1 in lattice 1
k12_1 = 1	# steping probability for particle 1 to lattice 2
k21_1 = 1   	# steping probability for particle 1 to lattice 1
k22_1 = 1    	# steping probability for particle 1 in lattice 2
k11_2 = 0     	# steping probability for particle 2 in lattice 1
k12_2 = 0    	# steping probability for particle 2 to lattice 2
k21_2 = 0     	# steping probability for particle 2 to lattice 1
k22_2 = 1     	# steping probability for particle 2 in lattice 2
density_matrix1
[[0.    0.    0.    0.    0.    0.    0.    0.    0.    0.   ]
 [0.103 0.099 0.104 0.099 0.105 0.106 0.106 0.108 0.106 0.113]
 [0.168 0.183 0.19  0.202 0.2   0.199 0.198 0.195 0.204 0.212]
 [0.226 0.249 0.303 0.314 0.338 0.32  0.33  0.289 0.288 0.336]
 [0.27  0.618 0.609 0.625 0.617 0.579 0.631 0.602 0.561 0.618]
 [0.309 0.633 0.57  0.637 0.63  0.602 0.607 0.599 0.609 0.626]
 [0.336 0.603 0.626 0.62  0.6   0.592 0.558 0.616 0.608 0.614]
 [0.36  0.586 0.601 0.612 0.612 0.586 0.611 0.618 0.663 0.646]
 [0.382 0.604 0.587 0.59  0.584 0.624 0.578 0.594 0.599 0.608]
 [0.399 0.635 0.606 0.619 0.634 0.605 0.599 0.65  0.566 0.59 ]]


density_matrix2
[[0.    0.11  0.223 0.339 0.452 0.505 0.49  0.533 0.503 0.535]
 [0.011 0.126 0.234 0.362 0.457 0.5   0.509 0.532 0.5   0.517]
 [0.028 0.148 0.277 0.392 0.468 0.483 0.478 0.493 0.484 0.522]
 [0.052 0.197 0.405 0.472 0.504 0.47  0.48  0.414 0.43  0.492]
 [0.077 0.847 0.893 0.891 0.895 0.902 0.888 0.902 0.888 0.9  ]
 [0.103 0.919 0.918 0.909 0.911 0.927 0.904 0.93  0.921 0.918]
 [0.123 0.923 0.927 0.925 0.93  0.912 0.922 0.926 0.926 0.92 ]
 [0.143 0.908 0.925 0.929 0.915 0.932 0.928 0.919 0.867 0.921]
 [0.161 0.934 0.928 0.935 0.936 0.931 0.914 0.92  0.935 0.933]
 [0.176 0.921 0.922 0.925 0.907 0.935 0.933 0.922 0.933 0.932]]


current_matrix1
[[0.    0.    0.    0.    0.    0.    0.    0.    0.    0.   ]
 [0.106 0.1   0.102 0.096 0.099 0.099 0.099 0.102 0.101 0.106]
 [0.178 0.183 0.18  0.184 0.176 0.176 0.177 0.173 0.182 0.183]
 [0.245 0.243 0.24  0.245 0.247 0.243 0.248 0.244 0.242 0.248]
 [0.3   0.27  0.268 0.265 0.266 0.267 0.266 0.266 0.27  0.269]
 [0.345 0.265 0.264 0.266 0.268 0.268 0.268 0.268 0.267 0.267]
 [0.381 0.265 0.266 0.268 0.27  0.271 0.268 0.267 0.266 0.269]
 [0.41  0.265 0.267 0.266 0.27  0.265 0.267 0.269 0.272 0.267]
 [0.438 0.265 0.268 0.269 0.265 0.265 0.266 0.27  0.266 0.268]
 [0.458 0.265 0.267 0.268 0.27  0.264 0.267 0.269 0.268 0.27 ]]


current_matrix2
[[0.    0.097 0.173 0.224 0.246 0.252 0.253 0.253 0.253 0.253]
 [0.    0.1   0.167 0.22  0.238 0.241 0.243 0.243 0.245 0.243]
 [0.    0.09  0.16  0.19  0.206 0.209 0.206 0.21  0.204 0.198]
 [0.    0.084 0.102 0.111 0.093 0.098 0.091 0.121 0.124 0.091]
 [0.    0.022 0.021 0.02  0.022 0.022 0.022 0.023 0.023 0.021]
 [0.    0.02  0.022 0.023 0.022 0.021 0.022 0.022 0.022 0.022]
 [0.    0.022 0.021 0.022 0.022 0.022 0.022 0.023 0.021 0.021]
 [0.    0.022 0.022 0.022 0.023 0.023 0.022 0.023 0.02  0.02 ]
 [0.    0.022 0.021 0.022 0.022 0.02  0.023 0.022 0.022 0.022]
 [0.    0.02  0.022 0.021 0.022 0.022 0.022 0.021 0.023 0.022]]


current_total
[[0.    0.097 0.173 0.224 0.246 0.252 0.253 0.253 0.253 0.253]
 [0.106 0.2   0.268 0.316 0.337 0.34  0.342 0.345 0.346 0.349]
 [0.178 0.274 0.34  0.373 0.381 0.385 0.383 0.383 0.385 0.381]
 [0.245 0.326 0.342 0.356 0.341 0.341 0.339 0.366 0.366 0.339]
 [0.3   0.292 0.289 0.285 0.288 0.289 0.287 0.29  0.293 0.29 ]
 [0.345 0.286 0.287 0.289 0.289 0.29  0.29  0.29  0.289 0.289]
 [0.381 0.287 0.288 0.29  0.292 0.293 0.29  0.29  0.288 0.29 ]
 [0.41  0.287 0.289 0.288 0.292 0.288 0.288 0.292 0.293 0.288]
 [0.438 0.287 0.289 0.291 0.287 0.285 0.289 0.292 0.288 0.29 ]
 [0.458 0.285 0.289 0.289 0.292 0.287 0.288 0.29  0.291 0.293]]
