# Heatmaps of avg density, and avg current
A1s
[0.         0.05263158 0.10526316 0.15789474 0.21052632 0.26315789
 0.31578947 0.36842105 0.42105263 0.47368421 0.52631579 0.57894737
 0.63157895 0.68421053 0.73684211 0.78947368 0.84210526 0.89473684
 0.94736842 1.        ]
A2s
[0.         0.05263158 0.10526316 0.15789474 0.21052632 0.26315789
 0.31578947 0.36842105 0.42105263 0.47368421 0.52631579 0.57894737
 0.63157895 0.68421053 0.73684211 0.78947368 0.84210526 0.89473684
 0.94736842 1.        ]
[', k11_1:', 1, ', k12_1:', 1, ', k21_1:', 1, ', k22_1:', 1, ',k11_2:', 0, ',k12_2:', 0, ',k21_2:', 0, ',k22_2:', 1]


density_matrix1
[[0.    0.    0.    0.    0.    0.    0.    0.    0.    0.    0.    0.
  0.    0.    0.    0.    0.    0.    0.    0.   ]
 [0.05  0.049 0.048 0.05  0.049 0.052 0.049 0.054 0.047 0.049 0.046 0.052
  0.05  0.051 0.05  0.053 0.05  0.051 0.045 0.05 ]
 [0.088 0.086 0.088 0.089 0.09  0.091 0.09  0.095 0.094 0.097 0.097 0.103
  0.095 0.097 0.1   0.102 0.1   0.101 0.098 0.096]
 [0.121 0.126 0.123 0.131 0.136 0.137 0.133 0.136 0.143 0.146 0.144 0.146
  0.138 0.141 0.143 0.14  0.151 0.147 0.141 0.148]
 [0.155 0.158 0.157 0.171 0.167 0.177 0.18  0.18  0.179 0.187 0.195 0.19
  0.186 0.191 0.182 0.186 0.176 0.188 0.184 0.18 ]
 [0.18  0.183 0.19  0.2   0.212 0.22  0.236 0.222 0.235 0.228 0.237 0.236
  0.231 0.247 0.228 0.235 0.23  0.237 0.251 0.226]
 [0.203 0.208 0.227 0.244 0.287 0.288 0.269 0.286 0.295 0.272 0.285 0.267
  0.274 0.273 0.313 0.283 0.277 0.296 0.313 0.288]
 [0.233 0.236 0.418 0.529 0.37  0.472 0.5   0.39  0.401 0.546 0.361 0.397
  0.458 0.5   0.533 0.456 0.341 0.412 0.372 0.436]
 [0.24  0.564 0.587 0.573 0.552 0.581 0.562 0.569 0.583 0.612 0.577 0.565
  0.598 0.564 0.568 0.546 0.549 0.564 0.573 0.554]
 [0.261 0.557 0.589 0.603 0.548 0.597 0.577 0.567 0.599 0.594 0.576 0.587
  0.568 0.579 0.572 0.571 0.593 0.601 0.573 0.597]
 [0.276 0.554 0.558 0.587 0.586 0.571 0.582 0.596 0.595 0.571 0.582 0.603
  0.566 0.59  0.571 0.617 0.596 0.572 0.569 0.579]
 [0.289 0.594 0.606 0.591 0.577 0.592 0.579 0.6   0.578 0.579 0.587 0.61
  0.605 0.595 0.608 0.565 0.6   0.579 0.582 0.576]
 [0.308 0.587 0.567 0.608 0.557 0.611 0.573 0.571 0.564 0.602 0.568 0.601
  0.602 0.589 0.59  0.587 0.579 0.585 0.6   0.587]
 [0.321 0.599 0.594 0.584 0.584 0.599 0.579 0.597 0.6   0.556 0.591 0.618
  0.576 0.594 0.616 0.598 0.564 0.551 0.572 0.593]
 [0.334 0.589 0.585 0.592 0.589 0.607 0.603 0.583 0.609 0.584 0.568 0.588
  0.587 0.568 0.593 0.58  0.578 0.6   0.598 0.618]
 [0.345 0.59  0.549 0.614 0.596 0.58  0.575 0.569 0.611 0.582 0.595 0.573
  0.587 0.59  0.575 0.59  0.577 0.619 0.596 0.612]
 [0.353 0.589 0.593 0.589 0.573 0.6   0.593 0.595 0.621 0.575 0.58  0.581
  0.587 0.609 0.59  0.611 0.598 0.607 0.584 0.559]
 [0.36  0.6   0.58  0.58  0.625 0.582 0.592 0.586 0.586 0.57  0.6   0.592
  0.606 0.573 0.581 0.592 0.591 0.601 0.592 0.591]
 [0.372 0.559 0.581 0.579 0.615 0.6   0.595 0.597 0.579 0.569 0.608 0.593
  0.608 0.598 0.605 0.586 0.595 0.602 0.614 0.591]
 [0.381 0.588 0.569 0.576 0.564 0.566 0.597 0.566 0.58  0.577 0.592 0.577
  0.615 0.589 0.587 0.576 0.598 0.588 0.599 0.582]]


density_matrix2
[[0.    0.051 0.104 0.154 0.203 0.256 0.317 0.373 0.421 0.442 0.443 0.495
  0.498 0.509 0.469 0.491 0.499 0.499 0.499 0.493]
 [0.002 0.055 0.11  0.167 0.213 0.27  0.312 0.374 0.425 0.467 0.468 0.48
  0.496 0.503 0.512 0.497 0.49  0.502 0.506 0.503]
 [0.007 0.06  0.106 0.165 0.229 0.276 0.331 0.383 0.421 0.46  0.475 0.492
  0.484 0.507 0.489 0.498 0.519 0.506 0.496 0.504]
 [0.014 0.073 0.126 0.181 0.248 0.292 0.341 0.406 0.457 0.477 0.493 0.5
  0.494 0.493 0.487 0.504 0.505 0.509 0.516 0.5  ]
 [0.023 0.081 0.127 0.199 0.254 0.33  0.367 0.405 0.456 0.475 0.491 0.493
  0.501 0.495 0.492 0.501 0.509 0.505 0.49  0.485]
 [0.032 0.092 0.152 0.214 0.283 0.381 0.43  0.459 0.474 0.472 0.495 0.497
  0.502 0.499 0.48  0.516 0.493 0.497 0.505 0.495]
 [0.042 0.102 0.188 0.278 0.437 0.465 0.437 0.48  0.473 0.493 0.485 0.456
  0.498 0.513 0.519 0.479 0.473 0.51  0.516 0.496]
 [0.055 0.119 0.504 0.799 0.49  0.692 0.734 0.533 0.501 0.811 0.444 0.554
  0.66  0.741 0.786 0.677 0.447 0.57  0.555 0.634]
 [0.06  0.859 0.868 0.865 0.89  0.891 0.854 0.889 0.886 0.905 0.892 0.845
  0.865 0.915 0.852 0.868 0.886 0.903 0.858 0.889]
 [0.071 0.899 0.897 0.901 0.92  0.897 0.908 0.909 0.903 0.887 0.902 0.897
  0.894 0.921 0.906 0.909 0.901 0.897 0.91  0.914]
 [0.079 0.917 0.922 0.923 0.9   0.913 0.908 0.901 0.906 0.912 0.922 0.908
  0.911 0.907 0.914 0.914 0.918 0.928 0.921 0.907]
 [0.089 0.924 0.921 0.926 0.914 0.926 0.917 0.923 0.915 0.935 0.919 0.913
  0.885 0.897 0.921 0.914 0.904 0.909 0.928 0.929]
 [0.1   0.913 0.939 0.914 0.928 0.916 0.91  0.931 0.931 0.902 0.914 0.911
  0.902 0.924 0.908 0.92  0.91  0.924 0.918 0.913]
 [0.111 0.921 0.925 0.919 0.921 0.908 0.919 0.926 0.922 0.927 0.928 0.913
  0.924 0.915 0.93  0.903 0.933 0.935 0.917 0.924]
 [0.12  0.908 0.934 0.916 0.924 0.925 0.928 0.929 0.921 0.927 0.931 0.899
  0.919 0.935 0.929 0.929 0.916 0.899 0.916 0.927]
 [0.13  0.911 0.936 0.928 0.926 0.939 0.934 0.925 0.928 0.929 0.919 0.923
  0.921 0.926 0.925 0.925 0.909 0.911 0.922 0.918]
 [0.137 0.911 0.925 0.921 0.931 0.916 0.927 0.913 0.916 0.93  0.917 0.922
  0.913 0.924 0.917 0.914 0.895 0.924 0.914 0.927]
 [0.142 0.915 0.9   0.916 0.924 0.91  0.927 0.939 0.93  0.906 0.92  0.93
  0.923 0.932 0.941 0.918 0.912 0.911 0.905 0.908]
 [0.152 0.923 0.92  0.934 0.925 0.929 0.93  0.929 0.919 0.922 0.91  0.91
  0.92  0.913 0.908 0.931 0.928 0.924 0.918 0.932]
 [0.16  0.92  0.934 0.927 0.934 0.907 0.936 0.943 0.938 0.944 0.936 0.926
  0.925 0.928 0.916 0.926 0.931 0.937 0.913 0.934]]


current_matrix1
[[0.    0.    0.    0.    0.    0.    0.    0.    0.    0.    0.    0.
  0.    0.    0.    0.    0.    0.    0.    0.   ]
 [0.052 0.051 0.05  0.051 0.049 0.052 0.049 0.054 0.047 0.049 0.046 0.052
  0.049 0.05  0.05  0.052 0.05  0.05  0.044 0.05 ]
 [0.094 0.092 0.092 0.092 0.092 0.091 0.091 0.094 0.093 0.093 0.094 0.1
  0.093 0.094 0.098 0.099 0.097 0.097 0.094 0.093]
 [0.134 0.137 0.131 0.137 0.137 0.138 0.133 0.133 0.136 0.138 0.136 0.138
  0.132 0.133 0.135 0.134 0.142 0.138 0.133 0.14 ]
 [0.176 0.177 0.168 0.177 0.17  0.176 0.174 0.172 0.167 0.173 0.179 0.172
  0.17  0.176 0.169 0.17  0.163 0.173 0.17  0.168]
 [0.208 0.205 0.204 0.206 0.209 0.206 0.213 0.204 0.208 0.204 0.208 0.204
  0.204 0.211 0.204 0.206 0.204 0.208 0.215 0.202]
 [0.238 0.234 0.24  0.237 0.241 0.242 0.233 0.239 0.24  0.232 0.236 0.232
  0.23  0.229 0.245 0.238 0.236 0.239 0.244 0.236]
 [0.279 0.266 0.265 0.268 0.266 0.268 0.266 0.264 0.277 0.272 0.272 0.266
  0.267 0.27  0.271 0.271 0.264 0.269 0.258 0.267]
 [0.289 0.27  0.274 0.272 0.269 0.266 0.273 0.269 0.269 0.267 0.27  0.268
  0.274 0.27  0.271 0.268 0.27  0.271 0.273 0.27 ]
 [0.318 0.27  0.269 0.271 0.269 0.271 0.271 0.267 0.271 0.273 0.27  0.274
  0.273 0.27  0.27  0.269 0.27  0.269 0.269 0.273]
 [0.338 0.268 0.271 0.269 0.272 0.271 0.271 0.269 0.272 0.27  0.271 0.271
  0.27  0.272 0.272 0.271 0.269 0.267 0.269 0.271]
 [0.357 0.268 0.269 0.27  0.272 0.269 0.27  0.27  0.274 0.268 0.271 0.271
  0.274 0.276 0.27  0.272 0.272 0.272 0.271 0.27 ]
 [0.384 0.27  0.267 0.272 0.27  0.269 0.271 0.27  0.268 0.273 0.269 0.273
  0.271 0.27  0.274 0.272 0.273 0.266 0.268 0.273]
 [0.401 0.272 0.272 0.27  0.273 0.27  0.27  0.27  0.27  0.271 0.269 0.272
  0.269 0.272 0.268 0.274 0.268 0.268 0.27  0.272]
 [0.42  0.27  0.269 0.273 0.269 0.271 0.267 0.27  0.267 0.271 0.27  0.27
  0.274 0.269 0.268 0.271 0.274 0.27  0.274 0.269]
 [0.435 0.27  0.268 0.268 0.27  0.265 0.264 0.272 0.269 0.269 0.269 0.27
  0.272 0.268 0.269 0.271 0.272 0.273 0.271 0.27 ]
 [0.446 0.27  0.267 0.272 0.268 0.272 0.27  0.272 0.272 0.271 0.272 0.271
  0.272 0.272 0.267 0.271 0.273 0.27  0.271 0.268]
 [0.456 0.27  0.272 0.269 0.268 0.271 0.267 0.269 0.271 0.271 0.268 0.27
  0.269 0.268 0.27  0.272 0.273 0.271 0.275 0.272]
 [0.471 0.27  0.27  0.27  0.271 0.271 0.271 0.266 0.272 0.274 0.272 0.27
  0.272 0.273 0.271 0.271 0.268 0.271 0.27  0.268]
 [0.484 0.267 0.266 0.267 0.268 0.272 0.268 0.269 0.268 0.266 0.27  0.27
  0.273 0.273 0.269 0.27  0.268 0.269 0.272 0.27 ]]


current_matrix2
[[0.    0.048 0.093 0.131 0.163 0.19  0.218 0.235 0.244 0.248 0.25  0.251
  0.255 0.256 0.251 0.255 0.253 0.252 0.254 0.253]
 [0.    0.049 0.097 0.138 0.166 0.196 0.215 0.234 0.243 0.248 0.251 0.252
  0.253 0.252 0.252 0.249 0.251 0.25  0.254 0.252]
 [0.    0.05  0.088 0.13  0.168 0.193 0.214 0.231 0.237 0.243 0.247 0.243
  0.248 0.243 0.246 0.248 0.247 0.248 0.246 0.246]
 [0.    0.052 0.094 0.13  0.166 0.19  0.209 0.225 0.231 0.232 0.233 0.234
  0.235 0.233 0.235 0.235 0.23  0.237 0.235 0.234]
 [0.    0.049 0.087 0.127 0.157 0.186 0.198 0.204 0.214 0.212 0.212 0.209
  0.213 0.215 0.215 0.218 0.219 0.215 0.215 0.217]
 [0.    0.05  0.091 0.123 0.146 0.171 0.178 0.189 0.174 0.182 0.184 0.18
  0.184 0.166 0.181 0.186 0.187 0.174 0.169 0.188]
 [0.    0.048 0.093 0.12  0.12  0.132 0.144 0.127 0.12  0.155 0.136 0.148
  0.147 0.155 0.105 0.137 0.139 0.122 0.113 0.135]
 [0.    0.048 0.024 0.023 0.062 0.026 0.03  0.061 0.034 0.023 0.052 0.049
  0.04  0.022 0.023 0.046 0.059 0.058 0.071 0.04 ]
 [0.    0.023 0.023 0.022 0.022 0.02  0.022 0.022 0.022 0.021 0.021 0.024
  0.022 0.023 0.022 0.022 0.022 0.022 0.023 0.023]
 [0.    0.022 0.022 0.02  0.022 0.021 0.021 0.021 0.022 0.022 0.024 0.023
  0.021 0.021 0.023 0.022 0.021 0.023 0.021 0.021]
 [0.    0.023 0.024 0.021 0.024 0.021 0.021 0.023 0.022 0.024 0.023 0.023
  0.021 0.023 0.022 0.021 0.021 0.02  0.022 0.021]
 [0.    0.019 0.021 0.022 0.022 0.022 0.022 0.021 0.022 0.021 0.022 0.022
  0.022 0.024 0.022 0.023 0.021 0.021 0.022 0.022]
 [0.    0.022 0.021 0.021 0.022 0.022 0.022 0.022 0.022 0.022 0.023 0.021
  0.023 0.021 0.023 0.023 0.023 0.02  0.022 0.022]
 [0.    0.023 0.021 0.022 0.022 0.022 0.023 0.022 0.021 0.022 0.023 0.021
  0.024 0.022 0.02  0.021 0.021 0.02  0.021 0.022]
 [0.    0.023 0.021 0.022 0.022 0.022 0.023 0.021 0.021 0.022 0.022 0.022
  0.022 0.022 0.021 0.022 0.022 0.022 0.022 0.021]
 [0.    0.023 0.022 0.021 0.021 0.021 0.021 0.023 0.02  0.022 0.02  0.024
  0.022 0.022 0.024 0.021 0.021 0.022 0.023 0.021]
 [0.    0.022 0.021 0.022 0.021 0.02  0.022 0.022 0.023 0.023 0.021 0.023
  0.023 0.02  0.022 0.021 0.024 0.022 0.022 0.023]
 [0.    0.022 0.023 0.023 0.02  0.024 0.023 0.022 0.022 0.025 0.021 0.022
  0.023 0.023 0.021 0.023 0.023 0.022 0.023 0.022]
 [0.    0.022 0.023 0.022 0.021 0.02  0.021 0.021 0.021 0.022 0.022 0.021
  0.02  0.022 0.023 0.021 0.021 0.022 0.02  0.021]
 [0.    0.022 0.023 0.022 0.022 0.023 0.021 0.022 0.022 0.022 0.022 0.021
  0.022 0.022 0.022 0.022 0.021 0.021 0.021 0.022]]


current_total
[[0.    0.048 0.093 0.131 0.163 0.19  0.218 0.235 0.244 0.248 0.25  0.251
  0.255 0.256 0.251 0.255 0.253 0.252 0.254 0.253]
 [0.052 0.1   0.146 0.189 0.215 0.248 0.264 0.288 0.29  0.297 0.297 0.304
  0.302 0.302 0.302 0.301 0.301 0.301 0.298 0.302]
 [0.094 0.142 0.18  0.222 0.26  0.284 0.305 0.325 0.33  0.336 0.34  0.343
  0.34  0.337 0.344 0.347 0.343 0.346 0.341 0.34 ]
 [0.134 0.189 0.225 0.266 0.303 0.328 0.342 0.358 0.367 0.37  0.369 0.372
  0.367 0.366 0.37  0.369 0.372 0.375 0.368 0.374]
 [0.176 0.226 0.255 0.304 0.327 0.362 0.372 0.376 0.381 0.385 0.391 0.382
  0.383 0.391 0.384 0.389 0.382 0.388 0.385 0.384]
 [0.208 0.255 0.295 0.329 0.355 0.377 0.391 0.394 0.382 0.386 0.392 0.384
  0.388 0.377 0.386 0.392 0.391 0.382 0.384 0.39 ]
 [0.238 0.282 0.334 0.357 0.361 0.374 0.377 0.366 0.36  0.387 0.372 0.38
  0.376 0.384 0.349 0.374 0.375 0.361 0.357 0.371]
 [0.279 0.314 0.29  0.292 0.328 0.294 0.296 0.324 0.31  0.295 0.324 0.315
  0.307 0.292 0.294 0.317 0.324 0.327 0.329 0.307]
 [0.289 0.294 0.296 0.294 0.29  0.287 0.295 0.29  0.291 0.288 0.291 0.292
  0.296 0.293 0.294 0.29  0.292 0.293 0.296 0.293]
 [0.318 0.292 0.291 0.292 0.291 0.292 0.292 0.288 0.293 0.296 0.294 0.297
  0.295 0.291 0.292 0.291 0.291 0.292 0.29  0.293]
 [0.338 0.291 0.295 0.29  0.296 0.292 0.292 0.293 0.294 0.293 0.294 0.294
  0.291 0.295 0.294 0.292 0.29  0.287 0.291 0.293]
 [0.357 0.287 0.29  0.292 0.294 0.29  0.291 0.291 0.296 0.288 0.293 0.292
  0.296 0.3   0.292 0.295 0.293 0.293 0.293 0.291]
 [0.384 0.291 0.288 0.293 0.292 0.291 0.293 0.292 0.291 0.295 0.292 0.294
  0.294 0.292 0.297 0.294 0.296 0.287 0.29  0.295]
 [0.401 0.296 0.293 0.292 0.295 0.292 0.293 0.293 0.291 0.294 0.292 0.293
  0.293 0.294 0.289 0.295 0.288 0.288 0.292 0.294]
 [0.42  0.293 0.291 0.294 0.291 0.293 0.29  0.291 0.288 0.293 0.293 0.292
  0.297 0.291 0.289 0.293 0.296 0.292 0.296 0.29 ]
 [0.435 0.293 0.29  0.289 0.291 0.286 0.286 0.295 0.289 0.29  0.289 0.293
  0.294 0.29  0.293 0.292 0.292 0.295 0.294 0.292]
 [0.446 0.291 0.288 0.294 0.29  0.292 0.292 0.294 0.294 0.294 0.293 0.294
  0.295 0.292 0.29  0.293 0.297 0.292 0.293 0.292]
 [0.456 0.292 0.296 0.292 0.288 0.294 0.29  0.291 0.293 0.296 0.289 0.292
  0.291 0.291 0.29  0.294 0.296 0.294 0.298 0.295]
 [0.471 0.292 0.294 0.292 0.292 0.292 0.293 0.287 0.293 0.295 0.294 0.291
  0.292 0.295 0.294 0.292 0.289 0.293 0.291 0.289]
 [0.484 0.289 0.289 0.289 0.29  0.295 0.289 0.291 0.289 0.288 0.292 0.292
  0.295 0.295 0.291 0.292 0.29  0.29  0.294 0.292]]
