# Heatmaps of avg density, and avg current
A1s
[0.  0.1 0.2 0.3 0.4 0.5 0.6 0.7 0.8 0.9 1. ]
a2
0.2
[', k11_1:', 1, ', K12_1:', array([0. , 0.1, 0.2, 0.3, 0.4, 0.5, 0.6, 0.7, 0.8, 0.9, 1. ]), ', k21_1:', 1, ', k22_1:', 1, ',k11_2:', 0, ',k12_2:', 0, ',k21_2:', 0, ',k22_2:', 1]


density_matrix1
[[0.   0.   0.   0.   0.   0.   0.   0.   0.   0.   0.  ]
 [0.   0.01 0.   0.   0.   0.   0.   0.   0.   0.   0.  ]
 [0.   0.02 0.01 0.   0.01 0.   0.02 0.   0.   0.   0.  ]
 [0.   0.02 0.   0.   0.   0.01 0.   0.01 0.   0.   0.  ]
 [0.01 0.   0.   0.01 0.   0.   0.   0.   0.01 0.01 0.  ]
 [0.   0.01 0.   0.   0.   0.01 0.   0.   0.01 0.02 0.  ]
 [0.01 0.01 0.01 0.01 0.   0.   0.   0.01 0.01 0.02 0.01]
 [0.01 0.   0.01 0.01 0.01 0.   0.01 0.02 0.01 0.01 0.  ]
 [0.02 0.01 0.01 0.01 0.02 0.   0.01 0.02 0.01 0.   0.01]
 [0.   0.01 0.01 0.   0.   0.   0.01 0.02 0.02 0.01 0.01]
 [0.01 0.02 0.02 0.03 0.02 0.01 0.02 0.01 0.02 0.01 0.01]]


density_matrix2
[[0.   0.   0.01 0.01 0.   0.01 0.   0.01 0.   0.   0.  ]
 [0.   0.01 0.   0.   0.   0.   0.   0.   0.01 0.   0.  ]
 [0.01 0.   0.01 0.   0.   0.   0.01 0.   0.01 0.   0.  ]
 [0.   0.01 0.   0.   0.   0.01 0.   0.01 0.   0.01 0.  ]
 [0.01 0.   0.   0.01 0.   0.   0.01 0.   0.01 0.   0.01]
 [0.   0.   0.   0.01 0.01 0.01 0.   0.01 0.01 0.   0.  ]
 [0.01 0.   0.   0.   0.01 0.   0.   0.   0.01 0.   0.02]
 [0.01 0.   0.   0.   0.   0.   0.   0.   0.01 0.   0.  ]
 [0.   0.01 0.   0.01 0.   0.   0.   0.   0.   0.   0.  ]
 [0.01 0.   0.01 0.01 0.   0.   0.   0.   0.01 0.01 0.01]
 [0.   0.   0.   0.   0.01 0.   0.01 0.01 0.   0.   0.01]]


current_matrix1
[[0. 0. 0. 0. 0. 0. 0. 0. 0. 0. 0.]
 [0. 0. 0. 0. 0. 0. 0. 0. 0. 0. 0.]
 [0. 0. 0. 0. 0. 0. 0. 0. 0. 0. 0.]
 [0. 0. 0. 0. 0. 0. 0. 0. 0. 0. 0.]
 [0. 0. 0. 0. 0. 0. 0. 0. 0. 0. 0.]
 [0. 0. 0. 0. 0. 0. 0. 0. 0. 0. 0.]
 [0. 0. 0. 0. 0. 0. 0. 0. 0. 0. 0.]
 [0. 0. 0. 0. 0. 0. 0. 0. 0. 0. 0.]
 [0. 0. 0. 0. 0. 0. 0. 0. 0. 0. 0.]
 [0. 0. 0. 0. 0. 0. 0. 0. 0. 0. 0.]
 [0. 0. 0. 0. 0. 0. 0. 0. 0. 0. 0.]]


current_matrix2
[[0. 0. 0. 0. 0. 0. 0. 0. 0. 0. 0.]
 [0. 0. 0. 0. 0. 0. 0. 0. 0. 0. 0.]
 [0. 0. 0. 0. 0. 0. 0. 0. 0. 0. 0.]
 [0. 0. 0. 0. 0. 0. 0. 0. 0. 0. 0.]
 [0. 0. 0. 0. 0. 0. 0. 0. 0. 0. 0.]
 [0. 0. 0. 0. 0. 0. 0. 0. 0. 0. 0.]
 [0. 0. 0. 0. 0. 0. 0. 0. 0. 0. 0.]
 [0. 0. 0. 0. 0. 0. 0. 0. 0. 0. 0.]
 [0. 0. 0. 0. 0. 0. 0. 0. 0. 0. 0.]
 [0. 0. 0. 0. 0. 0. 0. 0. 0. 0. 0.]
 [0. 0. 0. 0. 0. 0. 0. 0. 0. 0. 0.]]


current_total
[[0. 0. 0. 0. 0. 0. 0. 0. 0. 0. 0.]
 [0. 0. 0. 0. 0. 0. 0. 0. 0. 0. 0.]
 [0. 0. 0. 0. 0. 0. 0. 0. 0. 0. 0.]
 [0. 0. 0. 0. 0. 0. 0. 0. 0. 0. 0.]
 [0. 0. 0. 0. 0. 0. 0. 0. 0. 0. 0.]
 [0. 0. 0. 0. 0. 0. 0. 0. 0. 0. 0.]
 [0. 0. 0. 0. 0. 0. 0. 0. 0. 0. 0.]
 [0. 0. 0. 0. 0. 0. 0. 0. 0. 0. 0.]
 [0. 0. 0. 0. 0. 0. 0. 0. 0. 0. 0.]
 [0. 0. 0. 0. 0. 0. 0. 0. 0. 0. 0.]
 [0. 0. 0. 0. 0. 0. 0. 0. 0. 0. 0.]]
