# Heatmaps of avg density, and avg current
A1s
[0.  0.1 0.2 0.3 0.4 0.5 0.6 0.7 0.8 0.9 1. ]
a2
0.2
[', k11_1:', 1, ', K12_1:', array([0. , 0.1, 0.2, 0.3, 0.4, 0.5, 0.6, 0.7, 0.8, 0.9, 1. ]), ', k21_1:', 1, ', k22_1:', 1, ',k11_2:', 0, ',k12_2:', 0, ',k21_2:', 0, ',k22_2:', 1]
a2 = 0.2
b1 = 1
b2 = 0.9

density_matrix1
[[0.    0.    0.    0.    0.    0.    0.    0.    0.    0.    0.   ]
 [0.099 0.099 0.095 0.089 0.095 0.095 0.096 0.094 0.09  0.091 0.09 ]
 [0.195 0.186 0.184 0.182 0.18  0.17  0.172 0.169 0.166 0.163 0.166]
 [0.301 0.29  0.261 0.255 0.257 0.253 0.25  0.241 0.242 0.246 0.231]
 [0.375 0.374 0.441 0.411 0.493 0.504 0.497 0.569 0.525 0.553 0.47 ]
 [0.447 0.526 0.526 0.545 0.563 0.577 0.558 0.576 0.586 0.578 0.579]
 [0.48  0.542 0.538 0.565 0.557 0.563 0.554 0.593 0.563 0.587 0.581]
 [0.504 0.548 0.531 0.551 0.557 0.569 0.561 0.567 0.584 0.579 0.594]
 [0.489 0.543 0.548 0.547 0.539 0.576 0.571 0.575 0.575 0.597 0.615]
 [0.51  0.527 0.55  0.567 0.561 0.569 0.58  0.567 0.606 0.569 0.601]
 [0.497 0.539 0.538 0.544 0.554 0.558 0.549 0.594 0.583 0.587 0.606]]


density_matrix2
[[0.2   0.202 0.208 0.203 0.202 0.202 0.201 0.199 0.206 0.198 0.198]
 [0.2   0.203 0.204 0.205 0.209 0.212 0.211 0.201 0.217 0.218 0.219]
 [0.193 0.213 0.231 0.239 0.231 0.226 0.235 0.239 0.235 0.235 0.233]
 [0.196 0.239 0.238 0.274 0.279 0.279 0.286 0.303 0.314 0.318 0.294]
 [0.198 0.317 0.564 0.539 0.721 0.76  0.724 0.832 0.82  0.837 0.646]
 [0.199 0.76  0.814 0.859 0.876 0.89  0.898 0.886 0.883 0.905 0.905]
 [0.203 0.779 0.851 0.874 0.899 0.897 0.904 0.894 0.907 0.92  0.926]
 [0.199 0.814 0.866 0.89  0.903 0.912 0.916 0.917 0.913 0.928 0.904]
 [0.2   0.803 0.866 0.9   0.9   0.911 0.91  0.928 0.921 0.915 0.931]
 [0.199 0.814 0.876 0.87  0.888 0.887 0.905 0.927 0.909 0.908 0.908]
 [0.199 0.813 0.882 0.9   0.905 0.91  0.918 0.918 0.927 0.918 0.92 ]]


current_matrix1
[[0.    0.    0.    0.    0.    0.    0.    0.    0.    0.    0.   ]
 [0.089 0.091 0.088 0.086 0.091 0.093 0.095 0.093 0.09  0.092 0.091]
 [0.157 0.158 0.162 0.164 0.167 0.162 0.165 0.165 0.165 0.164 0.17 ]
 [0.212 0.221 0.217 0.217 0.223 0.226 0.228 0.222 0.224 0.228 0.225]
 [0.236 0.253 0.26  0.261 0.264 0.266 0.267 0.267 0.267 0.271 0.272]
 [0.251 0.259 0.262 0.263 0.264 0.266 0.266 0.269 0.27  0.269 0.27 ]
 [0.255 0.259 0.264 0.262 0.264 0.266 0.265 0.27  0.267 0.269 0.27 ]
 [0.253 0.259 0.262 0.26  0.264 0.265 0.265 0.269 0.271 0.268 0.271]
 [0.252 0.261 0.262 0.262 0.267 0.266 0.267 0.265 0.267 0.27  0.268]
 [0.256 0.26  0.261 0.264 0.267 0.267 0.267 0.269 0.272 0.269 0.272]
 [0.252 0.259 0.26  0.263 0.264 0.267 0.264 0.266 0.268 0.268 0.271]]


current_matrix2
[[0.16  0.161 0.164 0.162 0.162 0.161 0.162 0.159 0.163 0.159 0.16 ]
 [0.16  0.16  0.159 0.16  0.163 0.162 0.159 0.154 0.164 0.163 0.163]
 [0.156 0.161 0.164 0.164 0.158 0.154 0.157 0.156 0.154 0.152 0.151]
 [0.158 0.159 0.156 0.155 0.152 0.148 0.141 0.148 0.142 0.134 0.14 ]
 [0.159 0.146 0.086 0.096 0.048 0.034 0.035 0.025 0.032 0.025 0.027]
 [0.159 0.082 0.053 0.042 0.035 0.031 0.029 0.026 0.026 0.025 0.022]
 [0.161 0.08  0.055 0.041 0.036 0.032 0.031 0.028 0.026 0.022 0.022]
 [0.16  0.072 0.057 0.042 0.035 0.031 0.029 0.027 0.025 0.023 0.023]
 [0.16  0.074 0.052 0.042 0.038 0.032 0.028 0.026 0.025 0.024 0.02 ]
 [0.16  0.084 0.048 0.042 0.039 0.032 0.028 0.027 0.025 0.024 0.021]
 [0.16  0.074 0.053 0.044 0.036 0.033 0.029 0.026 0.025 0.024 0.022]]


current_total
[[0.16  0.161 0.164 0.162 0.162 0.161 0.162 0.159 0.163 0.159 0.16 ]
 [0.25  0.251 0.247 0.246 0.254 0.255 0.254 0.247 0.255 0.254 0.254]
 [0.313 0.319 0.325 0.328 0.325 0.316 0.322 0.321 0.319 0.315 0.32 ]
 [0.37  0.381 0.373 0.372 0.375 0.373 0.369 0.37  0.367 0.362 0.364]
 [0.395 0.398 0.346 0.357 0.312 0.3   0.302 0.291 0.299 0.296 0.299]
 [0.41  0.341 0.315 0.305 0.299 0.297 0.295 0.296 0.296 0.293 0.292]
 [0.416 0.338 0.32  0.302 0.3   0.298 0.296 0.298 0.293 0.291 0.292]
 [0.413 0.331 0.319 0.302 0.299 0.296 0.294 0.295 0.296 0.291 0.294]
 [0.412 0.336 0.315 0.304 0.304 0.297 0.295 0.291 0.292 0.294 0.289]
 [0.416 0.344 0.31  0.306 0.306 0.299 0.295 0.295 0.297 0.293 0.293]
 [0.412 0.333 0.313 0.308 0.299 0.3   0.293 0.292 0.293 0.292 0.293]]
