# site 	 DENSITY
0         	0.847     
1         	0.815     
2         	0.796     
3         	0.800     
4         	0.790     
5         	0.801     
6         	0.807     
7         	0.794     
8         	0.801     
9         	0.805     
10        	0.798     
11        	0.772     
12        	0.794     
13        	0.802     
14        	0.776     
15        	0.785     
16        	0.785     
17        	0.789     
18        	0.782     
19        	0.792     
20        	0.797     
21        	0.796     
22        	0.803     
23        	0.774     
24        	0.786     
25        	0.789     
26        	0.780     
27        	0.785     
28        	0.783     
29        	0.792     
30        	0.805     
31        	0.805     
32        	0.803     
33        	0.805     
34        	0.783     
35        	0.792     
36        	0.785     
37        	0.789     
38        	0.793     
39        	0.801     
40        	0.805     
41        	0.793     
42        	0.789     
43        	0.777     
44        	0.796     
45        	0.790     
46        	0.786     
47        	0.789     
48        	0.792     
49        	0.805     
50        	0.809     
51        	0.782     
52        	0.792     
53        	0.795     
54        	0.794     
55        	0.803     
56        	0.794     
57        	0.791     
58        	0.787     
59        	0.789     
60        	0.800     
61        	0.801     
62        	0.786     
63        	0.805     
64        	0.789     
65        	0.795     
66        	0.783     
67        	0.782     
68        	0.782     
69        	0.798     
70        	0.799     
71        	0.799     
72        	0.794     
73        	0.793     
74        	0.783     
75        	0.800     
76        	0.801     
77        	0.795     
78        	0.799     
79        	0.797     
80        	0.801     
81        	0.798     
82        	0.797     
83        	0.801     
84        	0.795     
85        	0.805     
86        	0.804     
87        	0.798     
88        	0.789     
89        	0.806     
90        	0.798     
91        	0.794     
92        	0.806     
93        	0.809     
94        	0.798     
95        	0.773     
96        	0.778     
97        	0.777     
98        	0.789     
99        	0.778     
