# site 	 DENSITY
0         	0.751     
1         	0.684     
2         	0.654     
3         	0.632     
4         	0.619     
5         	0.611     
6         	0.608     
7         	0.596     
8         	0.591     
9         	0.584     
10        	0.582     
11        	0.584     
12        	0.576     
13        	0.567     
14        	0.567     
15        	0.567     
16        	0.569     
17        	0.562     
18        	0.565     
19        	0.557     
20        	0.558     
21        	0.563     
22        	0.560     
23        	0.560     
24        	0.562     
25        	0.562     
26        	0.566     
27        	0.562     
28        	0.558     
29        	0.557     
30        	0.557     
31        	0.557     
32        	0.553     
33        	0.550     
34        	0.548     
35        	0.548     
36        	0.550     
37        	0.547     
38        	0.545     
39        	0.541     
40        	0.545     
41        	0.544     
42        	0.544     
43        	0.543     
44        	0.541     
45        	0.547     
46        	0.543     
47        	0.548     
48        	0.551     
49        	0.551     
50        	0.547     
51        	0.547     
52        	0.540     
53        	0.543     
54        	0.540     
55        	0.543     
56        	0.544     
57        	0.542     
58        	0.534     
59        	0.537     
60        	0.537     
61        	0.537     
62        	0.539     
63        	0.539     
64        	0.538     
65        	0.537     
66        	0.540     
67        	0.538     
68        	0.541     
69        	0.542     
70        	0.543     
71        	0.538     
72        	0.535     
73        	0.538     
74        	0.538     
75        	0.539     
76        	0.538     
77        	0.537     
78        	0.539     
79        	0.537     
80        	0.538     
81        	0.534     
82        	0.535     
83        	0.533     
84        	0.533     
85        	0.537     
86        	0.531     
87        	0.529     
88        	0.535     
89        	0.537     
90        	0.532     
91        	0.537     
92        	0.538     
93        	0.536     
94        	0.536     
95        	0.536     
96        	0.535     
97        	0.534     
98        	0.532     
99        	0.533     
100       	0.530     
101       	0.536     
102       	0.540     
103       	0.535     
104       	0.534     
105       	0.528     
106       	0.530     
107       	0.527     
108       	0.524     
109       	0.527     
110       	0.526     
111       	0.523     
112       	0.524     
113       	0.523     
114       	0.521     
115       	0.523     
116       	0.523     
117       	0.526     
118       	0.524     
119       	0.527     
120       	0.524     
121       	0.521     
122       	0.525     
123       	0.526     
124       	0.526     
125       	0.529     
126       	0.527     
127       	0.528     
128       	0.529     
129       	0.533     
130       	0.527     
131       	0.525     
132       	0.529     
133       	0.529     
134       	0.528     
135       	0.529     
136       	0.525     
137       	0.524     
138       	0.524     
139       	0.522     
140       	0.519     
141       	0.519     
142       	0.522     
143       	0.520     
144       	0.524     
145       	0.519     
146       	0.520     
147       	0.523     
148       	0.524     
149       	0.518     
150       	0.518     
151       	0.517     
152       	0.519     
153       	0.518     
154       	0.522     
155       	0.521     
156       	0.515     
157       	0.518     
158       	0.523     
159       	0.520     
160       	0.516     
161       	0.517     
162       	0.513     
163       	0.517     
164       	0.518     
165       	0.515     
166       	0.522     
167       	0.521     
168       	0.524     
169       	0.523     
170       	0.524     
171       	0.524     
172       	0.519     
173       	0.523     
174       	0.517     
175       	0.521     
176       	0.519     
177       	0.519     
178       	0.521     
179       	0.518     
180       	0.521     
181       	0.517     
182       	0.518     
183       	0.520     
184       	0.522     
185       	0.518     
186       	0.520     
187       	0.521     
188       	0.515     
189       	0.520     
190       	0.516     
191       	0.519     
192       	0.520     
193       	0.522     
194       	0.523     
195       	0.522     
196       	0.519     
197       	0.519     
198       	0.520     
199       	0.517     
200       	0.522     
201       	0.522     
202       	0.517     
203       	0.519     
204       	0.520     
205       	0.522     
206       	0.527     
207       	0.526     
208       	0.522     
209       	0.529     
210       	0.522     
211       	0.529     
212       	0.526     
213       	0.527     
214       	0.526     
215       	0.529     
216       	0.522     
217       	0.520     
218       	0.515     
219       	0.516     
220       	0.517     
221       	0.511     
222       	0.512     
223       	0.511     
224       	0.512     
225       	0.512     
226       	0.514     
227       	0.515     
228       	0.517     
229       	0.518     
230       	0.516     
231       	0.519     
232       	0.520     
233       	0.521     
234       	0.521     
235       	0.522     
236       	0.519     
237       	0.514     
238       	0.512     
239       	0.514     
240       	0.514     
241       	0.512     
242       	0.518     
243       	0.519     
244       	0.522     
245       	0.518     
246       	0.524     
247       	0.522     
248       	0.525     
249       	0.528     
250       	0.528     
251       	0.530     
252       	0.534     
253       	0.532     
254       	0.528     
255       	0.523     
256       	0.525     
257       	0.526     
258       	0.522     
259       	0.523     
260       	0.521     
261       	0.520     
262       	0.524     
263       	0.527     
264       	0.528     
265       	0.520     
266       	0.518     
267       	0.518     
268       	0.516     
269       	0.516     
270       	0.519     
271       	0.521     
272       	0.518     
273       	0.519     
274       	0.517     
275       	0.512     
276       	0.514     
277       	0.512     
278       	0.512     
279       	0.509     
280       	0.509     
281       	0.510     
282       	0.508     
283       	0.507     
284       	0.507     
285       	0.502     
286       	0.502     
287       	0.501     
288       	0.504     
289       	0.501     
290       	0.504     
291       	0.503     
292       	0.505     
293       	0.507     
294       	0.511     
295       	0.513     
296       	0.517     
297       	0.512     
298       	0.515     
299       	0.510     
300       	0.511     
301       	0.512     
302       	0.510     
303       	0.506     
304       	0.510     
305       	0.514     
306       	0.514     
307       	0.516     
308       	0.519     
309       	0.517     
310       	0.520     
311       	0.518     
312       	0.517     
313       	0.512     
314       	0.513     
315       	0.513     
316       	0.516     
317       	0.514     
318       	0.511     
319       	0.511     
320       	0.510     
321       	0.507     
322       	0.510     
323       	0.518     
324       	0.517     
325       	0.518     
326       	0.523     
327       	0.524     
328       	0.524     
329       	0.525     
330       	0.521     
331       	0.518     
332       	0.522     
333       	0.526     
334       	0.525     
335       	0.521     
336       	0.521     
337       	0.520     
338       	0.518     
339       	0.517     
340       	0.522     
341       	0.523     
342       	0.523     
343       	0.524     
344       	0.527     
345       	0.519     
346       	0.522     
347       	0.520     
348       	0.519     
349       	0.519     
350       	0.518     
351       	0.515     
352       	0.515     
353       	0.516     
354       	0.514     
355       	0.515     
356       	0.519     
357       	0.519     
358       	0.524     
359       	0.523     
360       	0.522     
361       	0.521     
362       	0.521     
363       	0.519     
364       	0.516     
365       	0.515     
366       	0.517     
367       	0.514     
368       	0.512     
369       	0.518     
370       	0.521     
371       	0.519     
372       	0.520     
373       	0.519     
374       	0.519     
375       	0.519     
376       	0.521     
377       	0.520     
378       	0.520     
379       	0.520     
380       	0.520     
381       	0.515     
382       	0.521     
383       	0.524     
384       	0.524     
385       	0.524     
386       	0.519     
387       	0.514     
388       	0.513     
389       	0.512     
390       	0.509     
391       	0.514     
392       	0.519     
393       	0.517     
394       	0.515     
395       	0.511     
396       	0.513     
397       	0.514     
398       	0.507     
399       	0.508     
400       	0.503     
401       	0.501     
402       	0.506     
403       	0.503     
404       	0.504     
405       	0.506     
406       	0.504     
407       	0.502     
408       	0.501     
409       	0.501     
410       	0.500     
411       	0.505     
412       	0.503     
413       	0.506     
414       	0.508     
415       	0.506     
416       	0.503     
417       	0.504     
418       	0.504     
419       	0.506     
420       	0.508     
421       	0.510     
422       	0.507     
423       	0.507     
424       	0.507     
425       	0.506     
426       	0.508     
427       	0.514     
428       	0.520     
429       	0.517     
430       	0.510     
431       	0.511     
432       	0.512     
433       	0.511     
434       	0.505     
435       	0.502     
436       	0.502     
437       	0.503     
438       	0.499     
439       	0.500     
440       	0.503     
441       	0.505     
442       	0.502     
443       	0.503     
444       	0.503     
445       	0.500     
446       	0.498     
447       	0.504     
448       	0.501     
449       	0.495     
450       	0.495     
451       	0.500     
452       	0.500     
453       	0.507     
454       	0.502     
455       	0.501     
456       	0.505     
457       	0.504     
458       	0.500     
459       	0.502     
460       	0.502     
461       	0.495     
462       	0.498     
463       	0.496     
464       	0.499     
465       	0.501     
466       	0.502     
467       	0.502     
468       	0.505     
469       	0.503     
470       	0.508     
471       	0.508     
472       	0.507     
473       	0.510     
474       	0.508     
475       	0.505     
476       	0.506     
477       	0.506     
478       	0.505     
479       	0.507     
480       	0.508     
481       	0.504     
482       	0.501     
483       	0.505     
484       	0.498     
485       	0.495     
486       	0.501     
487       	0.500     
488       	0.504     
489       	0.502     
490       	0.500     
491       	0.495     
492       	0.494     
493       	0.493     
494       	0.497     
495       	0.495     
496       	0.496     
497       	0.495     
498       	0.496     
499       	0.499     
500       	0.497     
501       	0.500     
502       	0.498     
503       	0.502     
504       	0.501     
505       	0.497     
506       	0.502     
507       	0.498     
508       	0.504     
509       	0.501     
510       	0.503     
511       	0.501     
512       	0.498     
513       	0.498     
514       	0.499     
515       	0.499     
516       	0.496     
517       	0.496     
518       	0.500     
519       	0.499     
520       	0.501     
521       	0.499     
522       	0.505     
523       	0.505     
524       	0.502     
525       	0.499     
526       	0.497     
527       	0.497     
528       	0.500     
529       	0.498     
530       	0.495     
531       	0.495     
532       	0.499     
533       	0.503     
534       	0.502     
535       	0.505     
536       	0.498     
537       	0.500     
538       	0.496     
539       	0.502     
540       	0.499     
541       	0.503     
542       	0.508     
543       	0.510     
544       	0.505     
545       	0.501     
546       	0.499     
547       	0.500     
548       	0.500     
549       	0.499     
550       	0.500     
551       	0.499     
552       	0.502     
553       	0.499     
554       	0.497     
555       	0.499     
556       	0.502     
557       	0.502     
558       	0.505     
559       	0.499     
560       	0.501     
561       	0.502     
562       	0.505     
563       	0.503     
564       	0.500     
565       	0.498     
566       	0.502     
567       	0.504     
568       	0.506     
569       	0.509     
570       	0.505     
571       	0.504     
572       	0.509     
573       	0.507     
574       	0.504     
575       	0.504     
576       	0.501     
577       	0.502     
578       	0.504     
579       	0.502     
580       	0.505     
581       	0.504     
582       	0.508     
583       	0.505     
584       	0.508     
585       	0.507     
586       	0.510     
587       	0.512     
588       	0.507     
589       	0.509     
590       	0.516     
591       	0.515     
592       	0.515     
593       	0.517     
594       	0.514     
595       	0.515     
596       	0.515     
597       	0.513     
598       	0.512     
599       	0.515     
600       	0.512     
601       	0.508     
602       	0.507     
603       	0.511     
604       	0.514     
605       	0.511     
606       	0.508     
607       	0.509     
608       	0.509     
609       	0.509     
610       	0.503     
611       	0.507     
612       	0.509     
613       	0.513     
614       	0.516     
615       	0.516     
616       	0.511     
617       	0.509     
618       	0.507     
619       	0.506     
620       	0.505     
621       	0.502     
622       	0.502     
623       	0.499     
624       	0.501     
625       	0.494     
626       	0.493     
627       	0.489     
628       	0.486     
629       	0.488     
630       	0.485     
631       	0.490     
632       	0.490     
633       	0.495     
634       	0.497     
635       	0.491     
636       	0.488     
637       	0.487     
638       	0.486     
639       	0.481     
640       	0.482     
641       	0.483     
642       	0.482     
643       	0.484     
644       	0.482     
645       	0.483     
646       	0.484     
647       	0.484     
648       	0.485     
649       	0.484     
650       	0.480     
651       	0.484     
652       	0.484     
653       	0.488     
654       	0.492     
655       	0.495     
656       	0.495     
657       	0.494     
658       	0.495     
659       	0.492     
660       	0.494     
661       	0.489     
662       	0.484     
663       	0.485     
664       	0.487     
665       	0.489     
666       	0.487     
667       	0.488     
668       	0.491     
669       	0.489     
670       	0.489     
671       	0.491     
672       	0.491     
673       	0.491     
674       	0.486     
675       	0.488     
676       	0.488     
677       	0.484     
678       	0.484     
679       	0.486     
680       	0.480     
681       	0.483     
682       	0.481     
683       	0.481     
684       	0.481     
685       	0.487     
686       	0.483     
687       	0.484     
688       	0.486     
689       	0.486     
690       	0.483     
691       	0.479     
692       	0.483     
693       	0.484     
694       	0.486     
695       	0.488     
696       	0.483     
697       	0.485     
698       	0.488     
699       	0.486     
700       	0.488     
701       	0.485     
702       	0.482     
703       	0.483     
704       	0.486     
705       	0.482     
706       	0.485     
707       	0.485     
708       	0.488     
709       	0.488     
710       	0.484     
711       	0.482     
712       	0.482     
713       	0.481     
714       	0.487     
715       	0.485     
716       	0.481     
717       	0.482     
718       	0.479     
719       	0.480     
720       	0.482     
721       	0.485     
722       	0.483     
723       	0.483     
724       	0.479     
725       	0.485     
726       	0.482     
727       	0.483     
728       	0.485     
729       	0.484     
730       	0.478     
731       	0.479     
732       	0.481     
733       	0.480     
734       	0.473     
735       	0.476     
736       	0.471     
737       	0.475     
738       	0.477     
739       	0.473     
740       	0.476     
741       	0.478     
742       	0.480     
743       	0.477     
744       	0.484     
745       	0.485     
746       	0.484     
747       	0.481     
748       	0.483     
749       	0.478     
750       	0.480     
751       	0.476     
752       	0.476     
753       	0.477     
754       	0.474     
755       	0.475     
756       	0.475     
757       	0.474     
758       	0.474     
759       	0.476     
760       	0.476     
761       	0.478     
762       	0.476     
763       	0.479     
764       	0.475     
765       	0.469     
766       	0.469     
767       	0.467     
768       	0.467     
769       	0.466     
770       	0.465     
771       	0.468     
772       	0.470     
773       	0.466     
774       	0.466     
775       	0.470     
776       	0.467     
777       	0.465     
778       	0.463     
779       	0.466     
780       	0.470     
781       	0.465     
782       	0.468     
783       	0.467     
784       	0.467     
785       	0.470     
786       	0.469     
787       	0.474     
788       	0.475     
789       	0.472     
790       	0.478     
791       	0.479     
792       	0.472     
793       	0.474     
794       	0.470     
795       	0.470     
796       	0.468     
797       	0.468     
798       	0.470     
799       	0.470     
800       	0.471     
801       	0.472     
802       	0.473     
803       	0.474     
804       	0.471     
805       	0.470     
806       	0.468     
807       	0.470     
808       	0.467     
809       	0.468     
810       	0.469     
811       	0.472     
812       	0.474     
813       	0.476     
814       	0.477     
815       	0.478     
816       	0.478     
817       	0.479     
818       	0.482     
819       	0.481     
820       	0.481     
821       	0.481     
822       	0.486     
823       	0.486     
824       	0.487     
825       	0.487     
826       	0.492     
827       	0.489     
828       	0.484     
829       	0.489     
830       	0.487     
831       	0.487     
832       	0.487     
833       	0.484     
834       	0.483     
835       	0.486     
836       	0.485     
837       	0.488     
838       	0.484     
839       	0.484     
840       	0.485     
841       	0.483     
842       	0.485     
843       	0.483     
844       	0.481     
845       	0.481     
846       	0.481     
847       	0.480     
848       	0.483     
849       	0.483     
850       	0.482     
851       	0.486     
852       	0.483     
853       	0.481     
854       	0.484     
855       	0.483     
856       	0.483     
857       	0.484     
858       	0.484     
859       	0.481     
860       	0.483     
861       	0.481     
862       	0.478     
863       	0.479     
864       	0.482     
865       	0.482     
866       	0.482     
867       	0.483     
868       	0.487     
869       	0.486     
870       	0.486     
871       	0.486     
872       	0.485     
873       	0.485     
874       	0.480     
875       	0.484     
876       	0.486     
877       	0.485     
878       	0.485     
879       	0.482     
880       	0.487     
881       	0.488     
882       	0.487     
883       	0.486     
884       	0.481     
885       	0.482     
886       	0.481     
887       	0.481     
888       	0.486     
889       	0.488     
890       	0.485     
891       	0.481     
892       	0.481     
893       	0.482     
894       	0.481     
895       	0.487     
896       	0.488     
897       	0.490     
898       	0.490     
899       	0.483     
900       	0.482     
901       	0.482     
902       	0.482     
903       	0.479     
904       	0.477     
905       	0.478     
906       	0.481     
907       	0.479     
908       	0.481     
909       	0.479     
910       	0.478     
911       	0.481     
912       	0.479     
913       	0.481     
914       	0.478     
915       	0.480     
916       	0.477     
917       	0.476     
918       	0.474     
919       	0.476     
920       	0.477     
921       	0.476     
922       	0.473     
923       	0.472     
924       	0.472     
925       	0.476     
926       	0.475     
927       	0.473     
928       	0.476     
929       	0.474     
930       	0.474     
931       	0.477     
932       	0.474     
933       	0.472     
934       	0.472     
935       	0.470     
936       	0.464     
937       	0.460     
938       	0.461     
939       	0.462     
940       	0.469     
941       	0.471     
942       	0.467     
943       	0.464     
944       	0.460     
945       	0.463     
946       	0.460     
947       	0.464     
948       	0.463     
949       	0.460     
950       	0.461     
951       	0.459     
952       	0.459     
953       	0.457     
954       	0.463     
955       	0.460     
956       	0.462     
957       	0.463     
958       	0.459     
959       	0.460     
960       	0.457     
961       	0.458     
962       	0.460     
963       	0.462     
964       	0.456     
965       	0.457     
966       	0.460     
967       	0.463     
968       	0.465     
969       	0.463     
970       	0.457     
971       	0.455     
972       	0.449     
973       	0.450     
974       	0.452     
975       	0.457     
976       	0.455     
977       	0.457     
978       	0.451     
979       	0.444     
980       	0.447     
981       	0.445     
982       	0.434     
983       	0.435     
984       	0.429     
985       	0.428     
986       	0.426     
987       	0.425     
988       	0.420     
989       	0.417     
990       	0.415     
991       	0.410     
992       	0.404     
993       	0.396     
994       	0.393     
995       	0.381     
996       	0.363     
997       	0.345     
998       	0.314     
999       	0.251     
