# site 	 DENSITY l1 	 DENSITY l2
0         	0.588     	0.358     
1         	0.436     	0.248     
2         	0.423     	0.226     
3         	0.424     	0.219     
4         	0.424     	0.214     
5         	0.423     	0.213     
6         	0.420     	0.207     
7         	0.423     	0.209     
8         	0.421     	0.208     
9         	0.422     	0.209     
10        	0.423     	0.208     
11        	0.422     	0.210     
12        	0.424     	0.208     
13        	0.423     	0.207     
14        	0.426     	0.205     
15        	0.425     	0.210     
16        	0.426     	0.205     
17        	0.423     	0.206     
18        	0.424     	0.205     
19        	0.423     	0.203     
20        	0.425     	0.207     
21        	0.423     	0.209     
22        	0.424     	0.207     
23        	0.422     	0.206     
24        	0.421     	0.205     
25        	0.422     	0.206     
26        	0.424     	0.205     
27        	0.424     	0.204     
28        	0.424     	0.202     
29        	0.422     	0.205     
30        	0.423     	0.206     
31        	0.423     	0.204     
32        	0.425     	0.204     
33        	0.426     	0.204     
34        	0.425     	0.206     
35        	0.425     	0.207     
36        	0.425     	0.206     
37        	0.424     	0.203     
38        	0.425     	0.203     
39        	0.424     	0.204     
40        	0.423     	0.200     
41        	0.424     	0.200     
42        	0.428     	0.202     
43        	0.429     	0.200     
44        	0.431     	0.198     
45        	0.428     	0.199     
46        	0.431     	0.194     
47        	0.438     	0.189     
48        	0.455     	0.172     
49        	0.411     	0.000     
