# parameters step: 11 k12_values: [0.0, 0.1, 0.2, 0.3, 0.4, 0.5, 0.6, 0.7, 0.8, 0.9, 1.0] 
#  k21_values [1.  0.9 0.8 0.7 0.6 0.5 0.4 0.3 0.2 0.1 0. ] 
# 
601       	234       	204       	204       	203       	172       	201       	183       	185       	208       	175       
601       	244       	196       	218       	182       	201       	190       	197       	194       	203       	173       
601       	262       	190       	199       	201       	206       	192       	198       	205       	182       	181       
601       	238       	233       	219       	206       	204       	171       	193       	179       	185       	192       
601       	237       	214       	215       	188       	193       	209       	195       	185       	195       	193       
601       	206       	207       	200       	210       	207       	190       	200       	194       	211       	184       
601       	207       	222       	198       	221       	181       	188       	205       	199       	199       	185       
601       	231       	232       	229       	234       	213       	220       	198       	187       	194       	227       
601       	253       	233       	233       	219       	199       	230       	218       	195       	206       	201       
601       	200       	237       	226       	219       	218       	208       	222       	246       	239       	232       
601       	601       	601       	601       	601       	601       	601       	601       	601       	601       	601       
