# parameters step: 11 k12_values: [0.0, 0.1, 0.2, 0.3, 0.4, 0.5, 0.6, 0.7, 0.8, 0.9, 1.0] 
#  k21_values [1.  0.9 0.8 0.7 0.6 0.5 0.4 0.3 0.2 0.1 0. ] 
# 
1001      	841       	824       	772       	791       	818       	744       	753       	756       	804       	775       
1001      	830       	773       	781       	800       	763       	768       	776       	763       	781       	798       
1001      	805       	769       	774       	761       	772       	789       	774       	807       	796       	745       
1001      	866       	781       	775       	785       	786       	769       	789       	795       	805       	792       
1001      	854       	810       	798       	834       	752       	800       	808       	798       	759       	769       
1001      	869       	772       	758       	794       	750       	798       	799       	820       	734       	836       
1001      	763       	751       	813       	831       	853       	754       	787       	779       	770       	811       
1001      	776       	814       	784       	799       	780       	859       	862       	761       	804       	758       
1001      	859       	835       	833       	792       	767       	799       	831       	723       	723       	736       
1001      	808       	771       	776       	694       	781       	794       	796       	819       	879       	939       
1001      	1001      	1001      	1001      	1001      	1001      	1001      	1001      	1001      	1001      	1001      
