# site 	 DENSITY
0         	0.752     
1         	0.686     
2         	0.654     
3         	0.634     
4         	0.621     
5         	0.612     
6         	0.606     
7         	0.600     
8         	0.593     
9         	0.587     
10        	0.583     
11        	0.586     
12        	0.582     
13        	0.580     
14        	0.576     
15        	0.572     
16        	0.569     
17        	0.571     
18        	0.571     
19        	0.569     
20        	0.561     
21        	0.558     
22        	0.560     
23        	0.558     
24        	0.556     
25        	0.553     
26        	0.550     
27        	0.553     
28        	0.549     
29        	0.550     
30        	0.547     
31        	0.550     
32        	0.542     
33        	0.547     
34        	0.547     
35        	0.546     
36        	0.539     
37        	0.541     
38        	0.539     
39        	0.539     
40        	0.536     
41        	0.539     
42        	0.541     
43        	0.546     
44        	0.548     
45        	0.544     
46        	0.541     
47        	0.545     
48        	0.542     
49        	0.543     
50        	0.539     
51        	0.541     
52        	0.542     
53        	0.541     
54        	0.545     
55        	0.546     
56        	0.548     
57        	0.543     
58        	0.541     
59        	0.543     
60        	0.538     
61        	0.534     
62        	0.537     
63        	0.539     
64        	0.541     
65        	0.538     
66        	0.534     
67        	0.525     
68        	0.525     
69        	0.521     
70        	0.526     
71        	0.526     
72        	0.525     
73        	0.526     
74        	0.520     
75        	0.527     
76        	0.529     
77        	0.530     
78        	0.527     
79        	0.528     
80        	0.528     
81        	0.526     
82        	0.529     
83        	0.521     
84        	0.524     
85        	0.523     
86        	0.524     
87        	0.525     
88        	0.518     
89        	0.520     
90        	0.521     
91        	0.521     
92        	0.518     
93        	0.520     
94        	0.514     
95        	0.521     
96        	0.524     
97        	0.517     
98        	0.521     
99        	0.520     
100       	0.521     
101       	0.520     
102       	0.526     
103       	0.522     
104       	0.521     
105       	0.517     
106       	0.518     
107       	0.517     
108       	0.519     
109       	0.521     
110       	0.519     
111       	0.520     
112       	0.521     
113       	0.519     
114       	0.515     
115       	0.517     
116       	0.520     
117       	0.515     
118       	0.516     
119       	0.517     
120       	0.516     
121       	0.513     
122       	0.517     
123       	0.510     
124       	0.513     
125       	0.512     
126       	0.510     
127       	0.509     
128       	0.509     
129       	0.509     
130       	0.512     
131       	0.511     
132       	0.508     
133       	0.505     
134       	0.511     
135       	0.506     
136       	0.511     
137       	0.505     
138       	0.505     
139       	0.509     
140       	0.506     
141       	0.507     
142       	0.512     
143       	0.511     
144       	0.505     
145       	0.510     
146       	0.510     
147       	0.510     
148       	0.508     
149       	0.511     
150       	0.510     
151       	0.505     
152       	0.504     
153       	0.505     
154       	0.504     
155       	0.505     
156       	0.505     
157       	0.502     
158       	0.504     
159       	0.501     
160       	0.502     
161       	0.497     
162       	0.497     
163       	0.499     
164       	0.505     
165       	0.505     
166       	0.507     
167       	0.513     
168       	0.514     
169       	0.515     
170       	0.514     
171       	0.513     
172       	0.511     
173       	0.506     
174       	0.505     
175       	0.510     
176       	0.506     
177       	0.502     
178       	0.501     
179       	0.506     
180       	0.502     
181       	0.503     
182       	0.504     
183       	0.503     
184       	0.504     
185       	0.502     
186       	0.502     
187       	0.507     
188       	0.505     
189       	0.506     
190       	0.512     
191       	0.513     
192       	0.511     
193       	0.511     
194       	0.511     
195       	0.512     
196       	0.510     
197       	0.512     
198       	0.508     
199       	0.515     
200       	0.513     
201       	0.512     
202       	0.511     
203       	0.510     
204       	0.507     
205       	0.506     
206       	0.506     
207       	0.504     
208       	0.511     
209       	0.510     
210       	0.519     
211       	0.517     
212       	0.516     
213       	0.521     
214       	0.523     
215       	0.522     
216       	0.522     
217       	0.518     
218       	0.514     
219       	0.514     
220       	0.514     
221       	0.511     
222       	0.516     
223       	0.518     
224       	0.516     
225       	0.513     
226       	0.518     
227       	0.521     
228       	0.514     
229       	0.516     
230       	0.515     
231       	0.519     
232       	0.521     
233       	0.520     
234       	0.521     
235       	0.519     
236       	0.516     
237       	0.514     
238       	0.514     
239       	0.514     
240       	0.517     
241       	0.516     
242       	0.517     
243       	0.516     
244       	0.521     
245       	0.517     
246       	0.520     
247       	0.519     
248       	0.518     
249       	0.521     
250       	0.518     
251       	0.520     
252       	0.516     
253       	0.512     
254       	0.515     
255       	0.518     
256       	0.517     
257       	0.519     
258       	0.515     
259       	0.517     
260       	0.519     
261       	0.516     
262       	0.517     
263       	0.521     
264       	0.521     
265       	0.524     
266       	0.520     
267       	0.519     
268       	0.521     
269       	0.523     
270       	0.523     
271       	0.521     
272       	0.520     
273       	0.521     
274       	0.522     
275       	0.522     
276       	0.518     
277       	0.513     
278       	0.512     
279       	0.514     
280       	0.512     
281       	0.518     
282       	0.517     
283       	0.522     
284       	0.521     
285       	0.522     
286       	0.516     
287       	0.511     
288       	0.517     
289       	0.512     
290       	0.513     
291       	0.515     
292       	0.516     
293       	0.518     
294       	0.520     
295       	0.523     
296       	0.525     
297       	0.523     
298       	0.529     
299       	0.524     
300       	0.525     
301       	0.525     
302       	0.525     
303       	0.522     
304       	0.522     
305       	0.522     
306       	0.523     
307       	0.520     
308       	0.521     
309       	0.519     
310       	0.510     
311       	0.511     
312       	0.509     
313       	0.507     
314       	0.510     
315       	0.514     
316       	0.513     
317       	0.515     
318       	0.509     
319       	0.510     
320       	0.510     
321       	0.510     
322       	0.516     
323       	0.517     
324       	0.515     
325       	0.510     
326       	0.513     
327       	0.516     
328       	0.515     
329       	0.508     
330       	0.510     
331       	0.512     
332       	0.510     
333       	0.510     
334       	0.514     
335       	0.508     
336       	0.508     
337       	0.513     
338       	0.515     
339       	0.514     
340       	0.508     
341       	0.512     
342       	0.509     
343       	0.508     
344       	0.513     
345       	0.515     
346       	0.515     
347       	0.519     
348       	0.524     
349       	0.517     
350       	0.517     
351       	0.516     
352       	0.517     
353       	0.518     
354       	0.516     
355       	0.507     
356       	0.509     
357       	0.510     
358       	0.509     
359       	0.504     
360       	0.502     
361       	0.508     
362       	0.517     
363       	0.514     
364       	0.512     
365       	0.513     
366       	0.509     
367       	0.507     
368       	0.510     
369       	0.510     
370       	0.505     
371       	0.505     
372       	0.503     
373       	0.502     
374       	0.506     
375       	0.503     
376       	0.500     
377       	0.503     
378       	0.501     
379       	0.499     
380       	0.498     
381       	0.501     
382       	0.501     
383       	0.500     
384       	0.502     
385       	0.501     
386       	0.503     
387       	0.502     
388       	0.500     
389       	0.503     
390       	0.500     
391       	0.497     
392       	0.499     
393       	0.500     
394       	0.500     
395       	0.502     
396       	0.496     
397       	0.503     
398       	0.507     
399       	0.508     
400       	0.510     
401       	0.513     
402       	0.511     
403       	0.508     
404       	0.507     
405       	0.506     
406       	0.503     
407       	0.500     
408       	0.501     
409       	0.510     
410       	0.510     
411       	0.507     
412       	0.512     
413       	0.512     
414       	0.510     
415       	0.511     
416       	0.513     
417       	0.514     
418       	0.512     
419       	0.517     
420       	0.520     
421       	0.513     
422       	0.508     
423       	0.510     
424       	0.503     
425       	0.506     
426       	0.510     
427       	0.512     
428       	0.512     
429       	0.512     
430       	0.512     
431       	0.512     
432       	0.514     
433       	0.518     
434       	0.510     
435       	0.509     
436       	0.507     
437       	0.505     
438       	0.504     
439       	0.506     
440       	0.505     
441       	0.505     
442       	0.507     
443       	0.506     
444       	0.501     
445       	0.507     
446       	0.511     
447       	0.514     
448       	0.518     
449       	0.516     
450       	0.514     
451       	0.513     
452       	0.512     
453       	0.513     
454       	0.513     
455       	0.517     
456       	0.520     
457       	0.518     
458       	0.518     
459       	0.522     
460       	0.519     
461       	0.513     
462       	0.514     
463       	0.518     
464       	0.516     
465       	0.521     
466       	0.520     
467       	0.520     
468       	0.520     
469       	0.517     
470       	0.517     
471       	0.515     
472       	0.516     
473       	0.519     
474       	0.514     
475       	0.508     
476       	0.516     
477       	0.512     
478       	0.513     
479       	0.511     
480       	0.512     
481       	0.507     
482       	0.511     
483       	0.513     
484       	0.509     
485       	0.510     
486       	0.508     
487       	0.515     
488       	0.517     
489       	0.514     
490       	0.518     
491       	0.513     
492       	0.514     
493       	0.512     
494       	0.520     
495       	0.519     
496       	0.518     
497       	0.521     
498       	0.520     
499       	0.521     
500       	0.520     
501       	0.519     
502       	0.520     
503       	0.527     
504       	0.524     
505       	0.523     
506       	0.519     
507       	0.517     
508       	0.519     
509       	0.523     
510       	0.517     
511       	0.517     
512       	0.519     
513       	0.517     
514       	0.516     
515       	0.511     
516       	0.511     
517       	0.513     
518       	0.513     
519       	0.512     
520       	0.512     
521       	0.511     
522       	0.518     
523       	0.517     
524       	0.513     
525       	0.513     
526       	0.512     
527       	0.510     
528       	0.508     
529       	0.509     
530       	0.509     
531       	0.504     
532       	0.502     
533       	0.499     
534       	0.499     
535       	0.498     
536       	0.506     
537       	0.503     
538       	0.500     
539       	0.501     
540       	0.503     
541       	0.500     
542       	0.502     
543       	0.498     
544       	0.496     
545       	0.499     
546       	0.499     
547       	0.494     
548       	0.495     
549       	0.494     
550       	0.492     
551       	0.491     
552       	0.489     
553       	0.491     
554       	0.494     
555       	0.496     
556       	0.498     
557       	0.501     
558       	0.502     
559       	0.500     
560       	0.500     
561       	0.500     
562       	0.501     
563       	0.506     
564       	0.508     
565       	0.512     
566       	0.513     
567       	0.510     
568       	0.509     
569       	0.513     
570       	0.513     
571       	0.514     
572       	0.513     
573       	0.516     
574       	0.516     
575       	0.518     
576       	0.516     
577       	0.515     
578       	0.516     
579       	0.518     
580       	0.515     
581       	0.513     
582       	0.510     
583       	0.511     
584       	0.514     
585       	0.513     
586       	0.515     
587       	0.518     
588       	0.517     
589       	0.516     
590       	0.514     
591       	0.512     
592       	0.509     
593       	0.512     
594       	0.513     
595       	0.512     
596       	0.517     
597       	0.513     
598       	0.511     
599       	0.509     
600       	0.513     
601       	0.511     
602       	0.514     
603       	0.517     
604       	0.518     
605       	0.519     
606       	0.518     
607       	0.517     
608       	0.520     
609       	0.525     
610       	0.526     
611       	0.524     
612       	0.527     
613       	0.526     
614       	0.524     
615       	0.520     
616       	0.521     
617       	0.521     
618       	0.519     
619       	0.514     
620       	0.518     
621       	0.518     
622       	0.519     
623       	0.523     
624       	0.521     
625       	0.514     
626       	0.517     
627       	0.514     
628       	0.514     
629       	0.511     
630       	0.511     
631       	0.506     
632       	0.507     
633       	0.503     
634       	0.503     
635       	0.497     
636       	0.499     
637       	0.498     
638       	0.494     
639       	0.495     
640       	0.494     
641       	0.497     
642       	0.495     
643       	0.501     
644       	0.494     
645       	0.496     
646       	0.498     
647       	0.500     
648       	0.502     
649       	0.503     
650       	0.502     
651       	0.501     
652       	0.501     
653       	0.500     
654       	0.502     
655       	0.496     
656       	0.495     
657       	0.496     
658       	0.492     
659       	0.500     
660       	0.496     
661       	0.489     
662       	0.495     
663       	0.497     
664       	0.496     
665       	0.496     
666       	0.501     
667       	0.499     
668       	0.500     
669       	0.498     
670       	0.503     
671       	0.500     
672       	0.498     
673       	0.495     
674       	0.500     
675       	0.494     
676       	0.498     
677       	0.496     
678       	0.494     
679       	0.496     
680       	0.498     
681       	0.493     
682       	0.497     
683       	0.496     
684       	0.500     
685       	0.503     
686       	0.503     
687       	0.505     
688       	0.503     
689       	0.500     
690       	0.501     
691       	0.505     
692       	0.503     
693       	0.499     
694       	0.501     
695       	0.496     
696       	0.498     
697       	0.499     
698       	0.499     
699       	0.499     
700       	0.498     
701       	0.501     
702       	0.499     
703       	0.496     
704       	0.490     
705       	0.491     
706       	0.493     
707       	0.493     
708       	0.496     
709       	0.495     
710       	0.494     
711       	0.492     
712       	0.491     
713       	0.497     
714       	0.492     
715       	0.490     
716       	0.487     
717       	0.488     
718       	0.488     
719       	0.487     
720       	0.488     
721       	0.484     
722       	0.484     
723       	0.482     
724       	0.483     
725       	0.485     
726       	0.488     
727       	0.491     
728       	0.491     
729       	0.494     
730       	0.493     
731       	0.492     
732       	0.491     
733       	0.493     
734       	0.491     
735       	0.486     
736       	0.485     
737       	0.486     
738       	0.480     
739       	0.484     
740       	0.488     
741       	0.482     
742       	0.487     
743       	0.490     
744       	0.492     
745       	0.490     
746       	0.490     
747       	0.491     
748       	0.491     
749       	0.489     
750       	0.489     
751       	0.495     
752       	0.493     
753       	0.492     
754       	0.494     
755       	0.496     
756       	0.496     
757       	0.496     
758       	0.495     
759       	0.496     
760       	0.493     
761       	0.490     
762       	0.491     
763       	0.490     
764       	0.484     
765       	0.488     
766       	0.486     
767       	0.488     
768       	0.485     
769       	0.488     
770       	0.488     
771       	0.485     
772       	0.482     
773       	0.481     
774       	0.487     
775       	0.490     
776       	0.491     
777       	0.490     
778       	0.492     
779       	0.493     
780       	0.489     
781       	0.488     
782       	0.491     
783       	0.488     
784       	0.489     
785       	0.486     
786       	0.482     
787       	0.487     
788       	0.482     
789       	0.483     
790       	0.482     
791       	0.487     
792       	0.482     
793       	0.479     
794       	0.485     
795       	0.486     
796       	0.488     
797       	0.490     
798       	0.490     
799       	0.485     
800       	0.483     
801       	0.483     
802       	0.485     
803       	0.484     
804       	0.485     
805       	0.486     
806       	0.484     
807       	0.480     
808       	0.482     
809       	0.485     
810       	0.486     
811       	0.485     
812       	0.488     
813       	0.490     
814       	0.492     
815       	0.484     
816       	0.488     
817       	0.483     
818       	0.481     
819       	0.484     
820       	0.483     
821       	0.486     
822       	0.486     
823       	0.486     
824       	0.482     
825       	0.483     
826       	0.481     
827       	0.484     
828       	0.485     
829       	0.485     
830       	0.485     
831       	0.483     
832       	0.490     
833       	0.489     
834       	0.489     
835       	0.491     
836       	0.489     
837       	0.488     
838       	0.485     
839       	0.483     
840       	0.489     
841       	0.490     
842       	0.487     
843       	0.486     
844       	0.484     
845       	0.483     
846       	0.483     
847       	0.481     
848       	0.480     
849       	0.476     
850       	0.474     
851       	0.476     
852       	0.476     
853       	0.478     
854       	0.480     
855       	0.481     
856       	0.480     
857       	0.479     
858       	0.479     
859       	0.475     
860       	0.477     
861       	0.472     
862       	0.475     
863       	0.474     
864       	0.473     
865       	0.476     
866       	0.470     
867       	0.473     
868       	0.472     
869       	0.472     
870       	0.471     
871       	0.473     
872       	0.470     
873       	0.468     
874       	0.467     
875       	0.467     
876       	0.467     
877       	0.469     
878       	0.471     
879       	0.470     
880       	0.474     
881       	0.477     
882       	0.479     
883       	0.481     
884       	0.478     
885       	0.478     
886       	0.474     
887       	0.478     
888       	0.477     
889       	0.472     
890       	0.472     
891       	0.477     
892       	0.474     
893       	0.477     
894       	0.479     
895       	0.479     
896       	0.476     
897       	0.480     
898       	0.483     
899       	0.483     
900       	0.488     
901       	0.487     
902       	0.479     
903       	0.479     
904       	0.477     
905       	0.476     
906       	0.480     
907       	0.478     
908       	0.479     
909       	0.485     
910       	0.482     
911       	0.479     
912       	0.484     
913       	0.484     
914       	0.484     
915       	0.481     
916       	0.484     
917       	0.478     
918       	0.478     
919       	0.478     
920       	0.475     
921       	0.478     
922       	0.476     
923       	0.480     
924       	0.485     
925       	0.482     
926       	0.485     
927       	0.486     
928       	0.482     
929       	0.480     
930       	0.481     
931       	0.478     
932       	0.477     
933       	0.475     
934       	0.473     
935       	0.474     
936       	0.475     
937       	0.479     
938       	0.479     
939       	0.476     
940       	0.472     
941       	0.477     
942       	0.470     
943       	0.468     
944       	0.470     
945       	0.468     
946       	0.465     
947       	0.464     
948       	0.459     
949       	0.464     
950       	0.459     
951       	0.457     
952       	0.461     
953       	0.458     
954       	0.457     
955       	0.460     
956       	0.460     
957       	0.465     
958       	0.460     
959       	0.460     
960       	0.459     
961       	0.454     
962       	0.451     
963       	0.456     
964       	0.459     
965       	0.453     
966       	0.450     
967       	0.450     
968       	0.450     
969       	0.449     
970       	0.455     
971       	0.454     
972       	0.457     
973       	0.458     
974       	0.453     
975       	0.454     
976       	0.450     
977       	0.447     
978       	0.451     
979       	0.448     
980       	0.446     
981       	0.442     
982       	0.437     
983       	0.435     
984       	0.430     
985       	0.423     
986       	0.423     
987       	0.421     
988       	0.419     
989       	0.421     
990       	0.414     
991       	0.406     
992       	0.404     
993       	0.395     
994       	0.383     
995       	0.369     
996       	0.361     
997       	0.343     
998       	0.313     
999       	0.250     
