# Steps: 25000 cutoff: 10000 
#  alphas: [0.         0.02564103 0.05128205 0.07692308 0.1025641  0.12820513
#  0.15384615 0.17948718 0.20512821 0.23076923 0.25641026 0.28205128
#  0.30769231 0.33333333 0.35897436 0.38461538 0.41025641 0.43589744
#  0.46153846 0.48717949 0.51282051 0.53846154 0.56410256 0.58974359
#  0.61538462 0.64102564 0.66666667 0.69230769 0.71794872 0.74358974
#  0.76923077 0.79487179 0.82051282 0.84615385 0.87179487 0.8974359
#  0.92307692 0.94871795 0.97435897 1.        ] 
#  betas: [1.         0.97435897 0.94871795 0.92307692 0.8974359  0.87179487
#  0.84615385 0.82051282 0.79487179 0.76923077 0.74358974 0.71794872
#  0.69230769 0.66666667 0.64102564 0.61538462 0.58974359 0.56410256
#  0.53846154 0.51282051 0.48717949 0.46153846 0.43589744 0.41025641
#  0.38461538 0.35897436 0.33333333 0.30769231 0.28205128 0.25641026
#  0.23076923 0.20512821 0.17948718 0.15384615 0.12820513 0.1025641
#  0.07692308 0.05128205 0.02564103 0.        ] 
# 
0.000     	0.023     	0.046     	0.075     	0.092     	0.113     	0.132     	0.144     	0.165     	0.177     	0.191     	0.201     	0.215     	0.219     	0.230     	0.235     	0.242     	0.249     	0.249     	0.252     	0.252     	0.254     	0.253     	0.254     	0.253     	0.255     	0.254     	0.255     	0.252     	0.252     	0.255     	0.255     	0.255     	0.255     	0.255     	0.253     	0.252     	0.253     	0.253     	0.255     
0.000     	0.027     	0.048     	0.073     	0.088     	0.111     	0.132     	0.149     	0.160     	0.177     	0.187     	0.206     	0.211     	0.221     	0.230     	0.237     	0.242     	0.243     	0.249     	0.251     	0.251     	0.253     	0.253     	0.255     	0.253     	0.252     	0.253     	0.253     	0.255     	0.254     	0.253     	0.254     	0.253     	0.254     	0.255     	0.254     	0.253     	0.253     	0.252     	0.254     
0.000     	0.026     	0.050     	0.069     	0.087     	0.116     	0.131     	0.143     	0.162     	0.177     	0.188     	0.203     	0.216     	0.223     	0.233     	0.234     	0.242     	0.245     	0.247     	0.250     	0.252     	0.253     	0.252     	0.253     	0.252     	0.253     	0.254     	0.252     	0.254     	0.255     	0.253     	0.254     	0.254     	0.254     	0.254     	0.254     	0.254     	0.254     	0.255     	0.254     
0.000     	0.025     	0.049     	0.073     	0.091     	0.112     	0.128     	0.147     	0.164     	0.179     	0.188     	0.201     	0.210     	0.223     	0.227     	0.239     	0.243     	0.245     	0.248     	0.250     	0.253     	0.253     	0.252     	0.252     	0.254     	0.253     	0.255     	0.253     	0.254     	0.255     	0.253     	0.252     	0.253     	0.252     	0.254     	0.255     	0.254     	0.253     	0.253     	0.255     
0.000     	0.025     	0.053     	0.068     	0.092     	0.112     	0.132     	0.149     	0.162     	0.175     	0.194     	0.202     	0.210     	0.224     	0.225     	0.239     	0.245     	0.244     	0.247     	0.251     	0.251     	0.253     	0.253     	0.252     	0.254     	0.255     	0.254     	0.254     	0.254     	0.253     	0.254     	0.253     	0.255     	0.254     	0.254     	0.255     	0.254     	0.253     	0.253     	0.254     
0.000     	0.024     	0.048     	0.072     	0.091     	0.114     	0.133     	0.147     	0.164     	0.178     	0.191     	0.201     	0.212     	0.224     	0.226     	0.238     	0.239     	0.247     	0.249     	0.251     	0.252     	0.253     	0.252     	0.253     	0.253     	0.254     	0.254     	0.255     	0.256     	0.253     	0.254     	0.255     	0.253     	0.254     	0.254     	0.253     	0.254     	0.254     	0.254     	0.253     
0.000     	0.026     	0.051     	0.075     	0.092     	0.109     	0.128     	0.148     	0.168     	0.177     	0.190     	0.204     	0.214     	0.221     	0.231     	0.238     	0.243     	0.245     	0.248     	0.249     	0.251     	0.253     	0.252     	0.253     	0.253     	0.252     	0.253     	0.252     	0.254     	0.255     	0.254     	0.254     	0.253     	0.254     	0.254     	0.254     	0.253     	0.255     	0.253     	0.251     
0.000     	0.024     	0.051     	0.070     	0.091     	0.109     	0.132     	0.145     	0.163     	0.174     	0.193     	0.203     	0.209     	0.224     	0.229     	0.240     	0.239     	0.246     	0.249     	0.251     	0.252     	0.252     	0.254     	0.253     	0.252     	0.253     	0.251     	0.255     	0.253     	0.254     	0.255     	0.254     	0.256     	0.255     	0.252     	0.254     	0.253     	0.253     	0.254     	0.253     
0.000     	0.025     	0.049     	0.073     	0.093     	0.107     	0.134     	0.149     	0.164     	0.174     	0.192     	0.198     	0.211     	0.221     	0.227     	0.235     	0.241     	0.246     	0.247     	0.250     	0.251     	0.252     	0.253     	0.253     	0.253     	0.254     	0.252     	0.251     	0.254     	0.253     	0.255     	0.252     	0.254     	0.254     	0.255     	0.254     	0.254     	0.254     	0.253     	0.255     
0.000     	0.024     	0.049     	0.073     	0.092     	0.112     	0.127     	0.146     	0.161     	0.175     	0.188     	0.202     	0.212     	0.225     	0.228     	0.236     	0.240     	0.245     	0.251     	0.250     	0.251     	0.252     	0.252     	0.254     	0.255     	0.253     	0.254     	0.254     	0.253     	0.253     	0.253     	0.252     	0.255     	0.253     	0.254     	0.255     	0.254     	0.254     	0.255     	0.253     
0.000     	0.025     	0.045     	0.074     	0.089     	0.113     	0.124     	0.148     	0.162     	0.180     	0.191     	0.204     	0.215     	0.218     	0.228     	0.240     	0.241     	0.246     	0.250     	0.251     	0.252     	0.251     	0.252     	0.253     	0.253     	0.254     	0.253     	0.255     	0.254     	0.253     	0.253     	0.254     	0.252     	0.255     	0.254     	0.254     	0.252     	0.252     	0.256     	0.255     
0.000     	0.024     	0.048     	0.071     	0.092     	0.112     	0.132     	0.149     	0.159     	0.179     	0.193     	0.206     	0.213     	0.225     	0.226     	0.236     	0.245     	0.246     	0.248     	0.250     	0.254     	0.254     	0.253     	0.254     	0.252     	0.253     	0.254     	0.254     	0.254     	0.253     	0.253     	0.253     	0.254     	0.254     	0.254     	0.253     	0.253     	0.253     	0.253     	0.254     
0.000     	0.024     	0.052     	0.072     	0.093     	0.111     	0.131     	0.148     	0.164     	0.182     	0.194     	0.205     	0.213     	0.219     	0.230     	0.236     	0.241     	0.245     	0.249     	0.251     	0.252     	0.253     	0.253     	0.254     	0.253     	0.252     	0.254     	0.253     	0.253     	0.254     	0.254     	0.254     	0.254     	0.254     	0.254     	0.254     	0.252     	0.253     	0.252     	0.254     
0.000     	0.024     	0.047     	0.070     	0.095     	0.109     	0.130     	0.146     	0.162     	0.178     	0.191     	0.196     	0.214     	0.222     	0.229     	0.237     	0.242     	0.248     	0.248     	0.250     	0.251     	0.253     	0.252     	0.252     	0.253     	0.253     	0.253     	0.253     	0.253     	0.252     	0.253     	0.255     	0.254     	0.253     	0.254     	0.253     	0.253     	0.251     	0.252     	0.254     
0.000     	0.027     	0.046     	0.074     	0.090     	0.113     	0.133     	0.146     	0.162     	0.176     	0.194     	0.202     	0.215     	0.224     	0.231     	0.239     	0.241     	0.249     	0.251     	0.251     	0.253     	0.251     	0.253     	0.252     	0.254     	0.253     	0.255     	0.253     	0.253     	0.254     	0.252     	0.253     	0.254     	0.253     	0.255     	0.253     	0.253     	0.254     	0.253     	0.255     
0.000     	0.026     	0.051     	0.074     	0.092     	0.112     	0.127     	0.147     	0.163     	0.177     	0.190     	0.204     	0.212     	0.218     	0.230     	0.238     	0.244     	0.247     	0.250     	0.250     	0.251     	0.252     	0.253     	0.253     	0.252     	0.254     	0.254     	0.253     	0.253     	0.253     	0.254     	0.253     	0.253     	0.255     	0.254     	0.254     	0.254     	0.253     	0.253     	0.253     
0.000     	0.025     	0.049     	0.073     	0.091     	0.111     	0.128     	0.147     	0.164     	0.174     	0.189     	0.203     	0.217     	0.224     	0.231     	0.238     	0.243     	0.248     	0.248     	0.250     	0.251     	0.252     	0.252     	0.252     	0.254     	0.252     	0.254     	0.252     	0.253     	0.252     	0.253     	0.253     	0.254     	0.252     	0.254     	0.254     	0.251     	0.254     	0.252     	0.254     
0.000     	0.026     	0.048     	0.072     	0.093     	0.111     	0.133     	0.145     	0.162     	0.180     	0.196     	0.204     	0.211     	0.224     	0.229     	0.236     	0.243     	0.246     	0.249     	0.251     	0.250     	0.252     	0.252     	0.254     	0.253     	0.254     	0.253     	0.255     	0.251     	0.252     	0.252     	0.252     	0.253     	0.254     	0.253     	0.253     	0.253     	0.253     	0.253     	0.251     
0.000     	0.024     	0.049     	0.067     	0.093     	0.115     	0.129     	0.147     	0.161     	0.177     	0.186     	0.197     	0.212     	0.222     	0.230     	0.238     	0.244     	0.246     	0.249     	0.248     	0.252     	0.251     	0.253     	0.252     	0.252     	0.253     	0.252     	0.252     	0.254     	0.252     	0.253     	0.253     	0.252     	0.251     	0.252     	0.252     	0.252     	0.252     	0.253     	0.252     
0.000     	0.024     	0.052     	0.074     	0.089     	0.114     	0.129     	0.147     	0.161     	0.178     	0.191     	0.205     	0.208     	0.224     	0.228     	0.236     	0.240     	0.249     	0.248     	0.250     	0.250     	0.250     	0.253     	0.251     	0.251     	0.251     	0.251     	0.250     	0.252     	0.253     	0.251     	0.251     	0.251     	0.251     	0.251     	0.252     	0.252     	0.251     	0.252     	0.253     
0.000     	0.023     	0.050     	0.072     	0.096     	0.117     	0.128     	0.145     	0.163     	0.174     	0.190     	0.201     	0.213     	0.220     	0.231     	0.233     	0.242     	0.246     	0.250     	0.251     	0.250     	0.249     	0.251     	0.250     	0.250     	0.249     	0.252     	0.251     	0.248     	0.249     	0.252     	0.249     	0.251     	0.249     	0.251     	0.251     	0.251     	0.248     	0.253     	0.250     
0.000     	0.025     	0.048     	0.072     	0.096     	0.112     	0.131     	0.146     	0.158     	0.172     	0.194     	0.201     	0.210     	0.220     	0.231     	0.235     	0.243     	0.245     	0.247     	0.247     	0.247     	0.247     	0.248     	0.248     	0.248     	0.249     	0.246     	0.249     	0.249     	0.251     	0.248     	0.247     	0.250     	0.250     	0.249     	0.249     	0.247     	0.251     	0.251     	0.250     
0.000     	0.026     	0.045     	0.067     	0.091     	0.112     	0.132     	0.144     	0.166     	0.180     	0.193     	0.204     	0.212     	0.224     	0.231     	0.235     	0.244     	0.246     	0.245     	0.244     	0.244     	0.246     	0.248     	0.246     	0.247     	0.245     	0.246     	0.242     	0.245     	0.244     	0.244     	0.246     	0.247     	0.246     	0.247     	0.243     	0.249     	0.247     	0.247     	0.247     
0.000     	0.022     	0.048     	0.071     	0.093     	0.116     	0.128     	0.147     	0.163     	0.176     	0.191     	0.202     	0.215     	0.221     	0.231     	0.237     	0.237     	0.242     	0.241     	0.240     	0.244     	0.240     	0.241     	0.243     	0.241     	0.241     	0.243     	0.242     	0.239     	0.242     	0.242     	0.242     	0.241     	0.243     	0.240     	0.242     	0.241     	0.242     	0.240     	0.241     
0.000     	0.023     	0.050     	0.069     	0.088     	0.112     	0.132     	0.144     	0.166     	0.178     	0.195     	0.200     	0.211     	0.220     	0.231     	0.236     	0.238     	0.236     	0.237     	0.233     	0.237     	0.235     	0.237     	0.238     	0.235     	0.238     	0.238     	0.236     	0.237     	0.238     	0.238     	0.234     	0.237     	0.236     	0.236     	0.238     	0.236     	0.238     	0.238     	0.237     
0.000     	0.025     	0.052     	0.072     	0.091     	0.114     	0.135     	0.148     	0.165     	0.173     	0.190     	0.206     	0.211     	0.219     	0.228     	0.227     	0.231     	0.230     	0.230     	0.232     	0.231     	0.226     	0.229     	0.235     	0.230     	0.230     	0.233     	0.233     	0.234     	0.231     	0.228     	0.233     	0.230     	0.229     	0.229     	0.231     	0.227     	0.229     	0.231     	0.228     
0.000     	0.022     	0.049     	0.074     	0.093     	0.112     	0.131     	0.149     	0.167     	0.174     	0.193     	0.206     	0.210     	0.221     	0.226     	0.224     	0.224     	0.219     	0.224     	0.219     	0.222     	0.223     	0.222     	0.222     	0.221     	0.225     	0.223     	0.222     	0.225     	0.224     	0.223     	0.223     	0.223     	0.224     	0.222     	0.224     	0.219     	0.220     	0.219     	0.224     
0.000     	0.025     	0.048     	0.066     	0.092     	0.113     	0.135     	0.148     	0.161     	0.177     	0.193     	0.199     	0.211     	0.213     	0.216     	0.213     	0.211     	0.212     	0.216     	0.215     	0.218     	0.213     	0.211     	0.217     	0.212     	0.211     	0.212     	0.214     	0.210     	0.209     	0.212     	0.213     	0.210     	0.212     	0.213     	0.213     	0.216     	0.215     	0.219     	0.217     
0.000     	0.025     	0.050     	0.071     	0.092     	0.110     	0.134     	0.152     	0.165     	0.178     	0.186     	0.197     	0.201     	0.200     	0.203     	0.205     	0.204     	0.203     	0.199     	0.200     	0.203     	0.200     	0.201     	0.200     	0.203     	0.202     	0.207     	0.201     	0.207     	0.202     	0.199     	0.202     	0.204     	0.207     	0.201     	0.203     	0.202     	0.205     	0.199     	0.203     
0.000     	0.025     	0.049     	0.072     	0.093     	0.112     	0.132     	0.147     	0.163     	0.176     	0.193     	0.191     	0.187     	0.195     	0.188     	0.192     	0.189     	0.194     	0.187     	0.190     	0.188     	0.193     	0.194     	0.194     	0.188     	0.191     	0.191     	0.187     	0.191     	0.188     	0.190     	0.196     	0.192     	0.192     	0.189     	0.190     	0.189     	0.188     	0.192     	0.191     
0.000     	0.027     	0.046     	0.070     	0.094     	0.112     	0.134     	0.143     	0.162     	0.180     	0.177     	0.178     	0.181     	0.177     	0.178     	0.176     	0.176     	0.175     	0.180     	0.179     	0.178     	0.178     	0.181     	0.175     	0.179     	0.182     	0.174     	0.178     	0.178     	0.177     	0.178     	0.182     	0.176     	0.176     	0.177     	0.176     	0.178     	0.177     	0.178     	0.183     
0.000     	0.025     	0.049     	0.074     	0.092     	0.114     	0.129     	0.146     	0.163     	0.161     	0.160     	0.161     	0.163     	0.159     	0.163     	0.164     	0.164     	0.162     	0.161     	0.167     	0.165     	0.158     	0.161     	0.163     	0.164     	0.158     	0.168     	0.160     	0.164     	0.166     	0.168     	0.164     	0.166     	0.166     	0.159     	0.164     	0.162     	0.165     	0.163     	0.159     
0.000     	0.023     	0.051     	0.071     	0.091     	0.112     	0.131     	0.143     	0.147     	0.150     	0.146     	0.148     	0.145     	0.146     	0.143     	0.142     	0.151     	0.149     	0.149     	0.148     	0.147     	0.149     	0.141     	0.147     	0.146     	0.150     	0.148     	0.150     	0.147     	0.146     	0.144     	0.147     	0.145     	0.150     	0.148     	0.148     	0.151     	0.142     	0.145     	0.148     
0.000     	0.024     	0.051     	0.070     	0.091     	0.112     	0.132     	0.128     	0.134     	0.129     	0.131     	0.125     	0.130     	0.134     	0.131     	0.132     	0.129     	0.127     	0.132     	0.132     	0.130     	0.129     	0.132     	0.130     	0.133     	0.130     	0.131     	0.134     	0.126     	0.127     	0.127     	0.128     	0.134     	0.130     	0.131     	0.130     	0.129     	0.131     	0.131     	0.127     
0.000     	0.025     	0.046     	0.072     	0.091     	0.113     	0.112     	0.109     	0.111     	0.114     	0.114     	0.107     	0.113     	0.110     	0.111     	0.112     	0.112     	0.111     	0.109     	0.115     	0.113     	0.113     	0.114     	0.115     	0.115     	0.112     	0.112     	0.111     	0.108     	0.113     	0.107     	0.115     	0.116     	0.111     	0.114     	0.111     	0.111     	0.114     	0.108     	0.111     
0.000     	0.025     	0.049     	0.068     	0.090     	0.095     	0.088     	0.093     	0.095     	0.087     	0.093     	0.091     	0.094     	0.091     	0.092     	0.096     	0.093     	0.095     	0.088     	0.092     	0.093     	0.090     	0.093     	0.092     	0.094     	0.090     	0.091     	0.094     	0.096     	0.093     	0.095     	0.093     	0.089     	0.098     	0.094     	0.094     	0.092     	0.093     	0.093     	0.093     
0.000     	0.027     	0.049     	0.069     	0.068     	0.070     	0.072     	0.070     	0.075     	0.070     	0.072     	0.067     	0.071     	0.070     	0.075     	0.069     	0.069     	0.071     	0.068     	0.071     	0.069     	0.071     	0.069     	0.072     	0.072     	0.070     	0.070     	0.071     	0.074     	0.075     	0.071     	0.075     	0.072     	0.071     	0.070     	0.074     	0.072     	0.071     	0.071     	0.072     
0.000     	0.027     	0.047     	0.046     	0.048     	0.049     	0.052     	0.050     	0.046     	0.050     	0.045     	0.052     	0.049     	0.048     	0.048     	0.052     	0.047     	0.049     	0.047     	0.048     	0.049     	0.048     	0.048     	0.051     	0.050     	0.049     	0.049     	0.052     	0.048     	0.045     	0.049     	0.048     	0.048     	0.049     	0.051     	0.049     	0.049     	0.048     	0.047     	0.048     
0.000     	0.027     	0.024     	0.025     	0.024     	0.025     	0.026     	0.026     	0.024     	0.026     	0.024     	0.024     	0.024     	0.027     	0.023     	0.024     	0.025     	0.024     	0.026     	0.027     	0.025     	0.024     	0.024     	0.023     	0.025     	0.028     	0.027     	0.026     	0.025     	0.026     	0.025     	0.026     	0.025     	0.025     	0.023     	0.025     	0.026     	0.024     	0.029     	0.027     
0.000     	0.000     	0.000     	0.000     	0.000     	0.000     	0.000     	0.000     	0.000     	0.000     	0.000     	0.000     	0.000     	0.000     	0.000     	0.000     	0.000     	0.000     	0.000     	0.000     	0.000     	0.000     	0.000     	0.000     	0.000     	0.000     	0.000     	0.000     	0.000     	0.000     	0.000     	0.000     	0.000     	0.000     	0.000     	0.000     	0.000     	0.000     	0.000     	0.000     
