# sites: N10, total steps: 300, steady_state: 120,
#  k12 = 0.4, k21 = 0.4,
rho_t
[0.0, 0.0202, 0.0404, 0.0606, 0.0808, 0.101, 0.1212, 0.1414, 0.1616, 0.1818, 0.202, 0.2222, 0.2424, 0.2626, 0.2828, 0.303, 0.3232, 0.3434, 0.3636, 0.3838, 0.404, 0.4242, 0.4444, 0.4646, 0.4848, 0.5051, 0.5253, 0.5455, 0.5657, 0.5859, 0.6061, 0.6263, 0.6465, 0.6667, 0.6869, 0.7071, 0.7273, 0.7475, 0.7677, 0.7879, 0.8081, 0.8283, 0.8485, 0.8687, 0.8889, 0.9091, 0.9293, 0.9495, 0.9697, 0.9899, 1.0101, 1.0303, 1.0505, 1.0707, 1.0909, 1.1111, 1.1313, 1.1515, 1.1717, 1.1919, 1.2121, 1.2323, 1.2525, 1.2727, 1.2929, 1.3131, 1.3333, 1.3535, 1.3737, 1.3939, 1.4141, 1.4343, 1.4545, 1.4747, 1.4949, 1.5152, 1.5354, 1.5556, 1.5758, 1.596, 1.6162, 1.6364, 1.6566, 1.6768, 1.697, 1.7172, 1.7374, 1.7576, 1.7778, 1.798, 1.8182, 1.8384, 1.8586, 1.8788, 1.899, 1.9192, 1.9394, 1.9596, 1.9798, 2.0]

rhos
[0.0, 0.0, 0.0, 0.0, 0.0, 0.1, 0.1, 0.1, 0.1, 0.1, 0.1794, 0.1822, 0.1889, 0.1806, 0.1833, 0.24, 0.24, 0.2406, 0.2506, 0.2411, 0.3039, 0.3139, 0.3072, 0.2928, 0.3122, 0.3678, 0.3572, 0.375, 0.3611, 0.3506, 0.4033, 0.4233, 0.4294, 0.4033, 0.4111, 0.4583, 0.4472, 0.4522, 0.4544, 0.44, 0.4844, 0.4956, 0.5061, 0.5044, 0.5083, 0.5494, 0.5511, 0.535, 0.5161, 0.5533, 0.5706, 0.5767, 0.5744, 0.5889, 0.5961, 0.6217, 0.625, 0.63, 0.63, 0.6289, 0.6589, 0.6533, 0.6661, 0.6744, 0.655, 0.6883, 0.7156, 0.6906, 0.7111, 0.7067, 0.745, 0.7483, 0.7394, 0.7639, 0.7278, 0.7856, 0.7844, 0.7806, 0.7817, 0.7578, 0.7956, 0.8272, 0.8017, 0.8089, 0.8122, 0.8617, 0.8578, 0.8661, 0.86, 0.8689, 0.9028, 0.8939, 0.9167, 0.8983, 0.8911, 0.9483, 0.9561, 0.95, 0.9417, 1.0]

gammas
[0.0, 0.0, 0.0, 0.0, 0.0, 0.0, 0.0, 0.0, 0.0, 0.0, 0.0206, 0.0178, 0.0111, 0.0194, 0.0167, 0.06, 0.06, 0.0594, 0.0494, 0.0589, 0.0961, 0.0861, 0.0928, 0.1072, 0.0878, 0.1322, 0.1428, 0.125, 0.1389, 0.1494, 0.1967, 0.1767, 0.1706, 0.1967, 0.1889, 0.2417, 0.2528, 0.2478, 0.2456, 0.26, 0.3156, 0.3044, 0.2939, 0.2956, 0.2917, 0.3506, 0.3489, 0.365, 0.3839, 0.3467, 0.4294, 0.4233, 0.4256, 0.4111, 0.4039, 0.4783, 0.475, 0.47, 0.47, 0.4711, 0.5411, 0.5467, 0.5339, 0.5256, 0.545, 0.6117, 0.5844, 0.6094, 0.5889, 0.5933, 0.655, 0.6517, 0.6606, 0.6361, 0.6722, 0.7144, 0.7156, 0.7194, 0.7183, 0.7422, 0.8044, 0.7728, 0.7983, 0.7911, 0.7878, 0.8383, 0.8422, 0.8339, 0.84, 0.8311, 0.8972, 0.9061, 0.8833, 0.9017, 0.9089, 0.9517, 0.9439, 0.95, 0.9583, 1.0]

C_total
[0.         0.         0.         0.         0.         0.1
 0.09444444 0.10555556 0.10555556 0.1        0.19444444 0.19444444
 0.16111111 0.18333333 0.16111111 0.24444444 0.21666667 0.26111111
 0.24444444 0.26666667 0.32222222 0.32222222 0.32777778 0.27222222
 0.31666667 0.38333333 0.36666667 0.33888889 0.37222222 0.36111111
 0.42222222 0.41666667 0.38888889 0.43888889 0.44444444 0.45
 0.46666667 0.46111111 0.41111111 0.42777778 0.50555556 0.47222222
 0.50555556 0.46111111 0.53888889 0.48888889 0.45       0.50555556
 0.48333333 0.47777778 0.51666667 0.48333333 0.53333333 0.51666667
 0.47222222 0.48333333 0.53888889 0.53333333 0.5        0.49444444
 0.48333333 0.48333333 0.52222222 0.56666667 0.47777778 0.48333333
 0.47777778 0.48333333 0.44444444 0.45555556 0.40555556 0.46666667
 0.43888889 0.38888889 0.4        0.33888889 0.41111111 0.42222222
 0.43333333 0.41111111 0.31666667 0.36111111 0.33333333 0.34444444
 0.34444444 0.29444444 0.26666667 0.31111111 0.26666667 0.23888889
 0.21111111 0.21666667 0.20555556 0.16111111 0.19444444 0.12777778
 0.08888889 0.12222222 0.11111111 0.        ]

C11
[0.0, 0.0, 0.0, 0.0, 0.0, 0.1, 0.0944, 0.1056, 0.1056, 0.1, 0.1722, 0.1778, 0.1611, 0.1611, 0.1556, 0.1944, 0.1889, 0.2222, 0.2111, 0.2278, 0.25, 0.25, 0.2556, 0.2056, 0.2444, 0.2944, 0.2556, 0.2278, 0.2278, 0.2722, 0.2778, 0.2889, 0.2889, 0.2833, 0.2944, 0.2722, 0.3111, 0.3167, 0.2889, 0.2889, 0.3, 0.2944, 0.3, 0.3, 0.3167, 0.3278, 0.2889, 0.2722, 0.2778, 0.2778, 0.2833, 0.2611, 0.2833, 0.2944, 0.3, 0.2667, 0.2778, 0.2722, 0.2556, 0.2333, 0.2111, 0.2333, 0.2611, 0.2611, 0.2889, 0.25, 0.2389, 0.2333, 0.2444, 0.2333, 0.2333, 0.2389, 0.2222, 0.2111, 0.2278, 0.1389, 0.1611, 0.2056, 0.2167, 0.1944, 0.1389, 0.1556, 0.2, 0.1833, 0.15, 0.1333, 0.1111, 0.1389, 0.1167, 0.1167, 0.0889, 0.0889, 0.0778, 0.0722, 0.1167, 0.0611, 0.0333, 0.0556, 0.05, 0.0]

C12
[0.0, 0.0, 0.0, 0.0, 0.0, 0.0, 0.0, 0.0, 0.0, 0.0, 0.0056, 0.0056, 0.0, 0.0111, 0.0, 0.0167, 0.0111, 0.0167, 0.0056, 0.0111, 0.0278, 0.0167, 0.0167, 0.0222, 0.0444, 0.0278, 0.0278, 0.0333, 0.0611, 0.0389, 0.0444, 0.0611, 0.0222, 0.0778, 0.05, 0.05, 0.0278, 0.0389, 0.0333, 0.0556, 0.0778, 0.0833, 0.0833, 0.0667, 0.1, 0.0611, 0.05, 0.0778, 0.0722, 0.0444, 0.0944, 0.0889, 0.0889, 0.0889, 0.0389, 0.0667, 0.1, 0.0889, 0.0833, 0.0944, 0.1, 0.1111, 0.0944, 0.1, 0.0389, 0.0833, 0.0667, 0.1, 0.0611, 0.0833, 0.0722, 0.0889, 0.0556, 0.0556, 0.0444, 0.0944, 0.1, 0.0667, 0.0556, 0.0667, 0.0611, 0.0722, 0.0389, 0.0611, 0.0667, 0.0556, 0.0611, 0.05, 0.0444, 0.0389, 0.0278, 0.0444, 0.0556, 0.0278, 0.0278, 0.0111, 0.0167, 0.0167, 0.0278, 0.0]

C21
[0.0, 0.0, 0.0, 0.0, 0.0, 0.0, 0.0, 0.0, 0.0, 0.0, 0.0167, 0.0111, 0.0, 0.0111, 0.0056, 0.0278, 0.0111, 0.0167, 0.0278, 0.0222, 0.0222, 0.0444, 0.0333, 0.0389, 0.0222, 0.0444, 0.0444, 0.0333, 0.0389, 0.0444, 0.0556, 0.0556, 0.0556, 0.05, 0.05, 0.0667, 0.0778, 0.0722, 0.0611, 0.0611, 0.1056, 0.0611, 0.0833, 0.0556, 0.0778, 0.0611, 0.0833, 0.0778, 0.0889, 0.0722, 0.0778, 0.0833, 0.1, 0.0833, 0.0722, 0.1056, 0.0833, 0.1, 0.0833, 0.1, 0.1, 0.0556, 0.1056, 0.1167, 0.0611, 0.0778, 0.1, 0.0833, 0.0778, 0.0667, 0.05, 0.0889, 0.0778, 0.0556, 0.0611, 0.0444, 0.0833, 0.0667, 0.1111, 0.0667, 0.0556, 0.0667, 0.05, 0.0611, 0.0556, 0.05, 0.0389, 0.0667, 0.0389, 0.0444, 0.05, 0.05, 0.0333, 0.0167, 0.0278, 0.0278, 0.0167, 0.0278, 0.0111, 0.0]

C22
[0.0, 0.0, 0.0, 0.0, 0.0, 0.0, 0.0, 0.0, 0.0, 0.0, 0.0, 0.0, 0.0, 0.0, 0.0, 0.0056, 0.0056, 0.0056, 0.0, 0.0056, 0.0222, 0.0111, 0.0222, 0.0056, 0.0056, 0.0167, 0.0389, 0.0444, 0.0444, 0.0056, 0.0444, 0.0111, 0.0222, 0.0278, 0.05, 0.0611, 0.05, 0.0333, 0.0278, 0.0222, 0.0222, 0.0333, 0.0389, 0.0389, 0.0444, 0.0389, 0.0278, 0.0778, 0.0444, 0.0833, 0.0611, 0.05, 0.0611, 0.05, 0.0611, 0.0444, 0.0778, 0.0722, 0.0778, 0.0667, 0.0722, 0.0833, 0.0611, 0.0889, 0.0889, 0.0722, 0.0722, 0.0667, 0.0611, 0.0722, 0.05, 0.05, 0.0833, 0.0667, 0.0667, 0.0611, 0.0667, 0.0833, 0.05, 0.0833, 0.0611, 0.0667, 0.0444, 0.0389, 0.0722, 0.0556, 0.0556, 0.0556, 0.0667, 0.0389, 0.0444, 0.0333, 0.0389, 0.0444, 0.0222, 0.0278, 0.0222, 0.0222, 0.0222, 0.0]
