# sites: N10, total steps: 300, steady_state: 120,
#  k12 = 0.9, k21 = 0.9,
rho_t
[0.0, 0.0202, 0.0404, 0.0606, 0.0808, 0.101, 0.1212, 0.1414, 0.1616, 0.1818, 0.202, 0.2222, 0.2424, 0.2626, 0.2828, 0.303, 0.3232, 0.3434, 0.3636, 0.3838, 0.404, 0.4242, 0.4444, 0.4646, 0.4848, 0.5051, 0.5253, 0.5455, 0.5657, 0.5859, 0.6061, 0.6263, 0.6465, 0.6667, 0.6869, 0.7071, 0.7273, 0.7475, 0.7677, 0.7879, 0.8081, 0.8283, 0.8485, 0.8687, 0.8889, 0.9091, 0.9293, 0.9495, 0.9697, 0.9899, 1.0101, 1.0303, 1.0505, 1.0707, 1.0909, 1.1111, 1.1313, 1.1515, 1.1717, 1.1919, 1.2121, 1.2323, 1.2525, 1.2727, 1.2929, 1.3131, 1.3333, 1.3535, 1.3737, 1.3939, 1.4141, 1.4343, 1.4545, 1.4747, 1.4949, 1.5152, 1.5354, 1.5556, 1.5758, 1.596, 1.6162, 1.6364, 1.6566, 1.6768, 1.697, 1.7172, 1.7374, 1.7576, 1.7778, 1.798, 1.8182, 1.8384, 1.8586, 1.8788, 1.899, 1.9192, 1.9394, 1.9596, 1.9798, 2.0]

rhos
[0.0, 0.0, 0.0, 0.0, 0.0, 0.1, 0.1, 0.1, 0.1, 0.1, 0.1778, 0.1733, 0.17, 0.1839, 0.1767, 0.2528, 0.2528, 0.2561, 0.2444, 0.2489, 0.3178, 0.3089, 0.3122, 0.3083, 0.3139, 0.3667, 0.3717, 0.3717, 0.37, 0.3667, 0.4172, 0.4133, 0.4244, 0.415, 0.4244, 0.4661, 0.4689, 0.4561, 0.4656, 0.4594, 0.5117, 0.5044, 0.4944, 0.4894, 0.4928, 0.5428, 0.5656, 0.56, 0.5567, 0.5444, 0.5894, 0.5928, 0.6033, 0.585, 0.5894, 0.6256, 0.6289, 0.6333, 0.6178, 0.6361, 0.6578, 0.675, 0.6739, 0.67, 0.66, 0.7139, 0.7161, 0.7178, 0.7161, 0.6983, 0.7344, 0.7694, 0.7489, 0.7311, 0.735, 0.7817, 0.7861, 0.7689, 0.7961, 0.7822, 0.8239, 0.8078, 0.8311, 0.8189, 0.8128, 0.8706, 0.8617, 0.8611, 0.8544, 0.8667, 0.9089, 0.9061, 0.9111, 0.9017, 0.8994, 0.9556, 0.9522, 0.9506, 0.9467, 1.0]

gammas
[0.0, 0.0, 0.0, 0.0, 0.0, 0.0, 0.0, 0.0, 0.0, 0.0, 0.0222, 0.0267, 0.03, 0.0161, 0.0233, 0.0472, 0.0472, 0.0439, 0.0556, 0.0511, 0.0822, 0.0911, 0.0878, 0.0917, 0.0861, 0.1333, 0.1283, 0.1283, 0.13, 0.1333, 0.1828, 0.1867, 0.1756, 0.185, 0.1756, 0.2339, 0.2311, 0.2439, 0.2344, 0.2406, 0.2883, 0.2956, 0.3056, 0.3106, 0.3072, 0.3572, 0.3344, 0.34, 0.3433, 0.3556, 0.4106, 0.4072, 0.3967, 0.415, 0.4106, 0.4744, 0.4711, 0.4667, 0.4822, 0.4639, 0.5422, 0.525, 0.5261, 0.53, 0.54, 0.5861, 0.5839, 0.5822, 0.5839, 0.6017, 0.6656, 0.6306, 0.6511, 0.6689, 0.665, 0.7183, 0.7139, 0.7311, 0.7039, 0.7178, 0.7761, 0.7922, 0.7689, 0.7811, 0.7872, 0.8294, 0.8383, 0.8389, 0.8456, 0.8333, 0.8911, 0.8939, 0.8889, 0.8983, 0.9006, 0.9444, 0.9478, 0.9494, 0.9533, 1.0]

C_total
[0.         0.         0.         0.         0.         0.11111111
 0.08333333 0.10555556 0.11111111 0.1        0.19444444 0.2
 0.18888889 0.18888889 0.18888889 0.28333333 0.35555556 0.28333333
 0.28333333 0.31666667 0.41111111 0.35       0.37777778 0.35
 0.44444444 0.46111111 0.47777778 0.47777778 0.44444444 0.46111111
 0.56111111 0.52777778 0.55       0.52222222 0.52777778 0.65
 0.58333333 0.62222222 0.61111111 0.56666667 0.62222222 0.59444444
 0.66111111 0.62222222 0.66666667 0.65       0.67777778 0.66111111
 0.68888889 0.7        0.68333333 0.68888889 0.74444444 0.73888889
 0.67777778 0.73888889 0.78333333 0.78333333 0.68888889 0.78888889
 0.7        0.65555556 0.68333333 0.75555556 0.74444444 0.76666667
 0.68333333 0.66666667 0.70555556 0.63888889 0.63333333 0.71666667
 0.66666667 0.65       0.63333333 0.68333333 0.68888889 0.58333333
 0.58333333 0.6        0.56111111 0.53333333 0.58888889 0.63333333
 0.52777778 0.50555556 0.48333333 0.46666667 0.42777778 0.49444444
 0.31666667 0.28333333 0.31666667 0.35       0.36111111 0.2
 0.16111111 0.16111111 0.20555556 0.        ]

C11
[0.0, 0.0, 0.0, 0.0, 0.0, 0.1111, 0.0833, 0.1056, 0.1111, 0.1, 0.1611, 0.1444, 0.1389, 0.1444, 0.1556, 0.2056, 0.2556, 0.1889, 0.2111, 0.2333, 0.2611, 0.2222, 0.25, 0.2444, 0.2556, 0.2556, 0.2444, 0.2833, 0.2722, 0.2944, 0.2611, 0.2722, 0.2667, 0.2611, 0.2778, 0.3167, 0.3, 0.2889, 0.2611, 0.2667, 0.2444, 0.2722, 0.3222, 0.2611, 0.2778, 0.25, 0.2667, 0.2833, 0.2222, 0.3167, 0.2944, 0.2833, 0.2111, 0.2667, 0.25, 0.2944, 0.3056, 0.2556, 0.2444, 0.3111, 0.2667, 0.2333, 0.2556, 0.3056, 0.2667, 0.2278, 0.2389, 0.1778, 0.1778, 0.2, 0.2222, 0.25, 0.2056, 0.25, 0.2, 0.2278, 0.1778, 0.1833, 0.1778, 0.1889, 0.2111, 0.1556, 0.15, 0.2167, 0.1556, 0.1556, 0.1167, 0.1444, 0.15, 0.1333, 0.0722, 0.0667, 0.0889, 0.1111, 0.1389, 0.0444, 0.0611, 0.05, 0.0944, 0.0]

C12
[0.0, 0.0, 0.0, 0.0, 0.0, 0.0, 0.0, 0.0, 0.0, 0.0, 0.0111, 0.0222, 0.0333, 0.0167, 0.0111, 0.0278, 0.0278, 0.0444, 0.0389, 0.0389, 0.0778, 0.0722, 0.0556, 0.0556, 0.0833, 0.0833, 0.0833, 0.0833, 0.0667, 0.0722, 0.1, 0.1111, 0.1222, 0.0833, 0.1167, 0.1056, 0.0833, 0.1111, 0.1222, 0.1222, 0.1222, 0.1278, 0.1111, 0.1389, 0.1667, 0.1444, 0.1611, 0.1278, 0.1667, 0.1167, 0.1333, 0.1667, 0.2389, 0.2056, 0.1667, 0.15, 0.1778, 0.2222, 0.1556, 0.1722, 0.15, 0.15, 0.15, 0.1667, 0.1833, 0.2167, 0.1778, 0.1833, 0.1778, 0.1667, 0.1444, 0.1333, 0.1556, 0.1, 0.15, 0.1722, 0.1778, 0.1667, 0.1222, 0.1389, 0.1056, 0.1444, 0.1444, 0.1556, 0.1389, 0.0889, 0.1222, 0.1, 0.0833, 0.1222, 0.0778, 0.0722, 0.0611, 0.0889, 0.0611, 0.0556, 0.0333, 0.0389, 0.0167, 0.0]

C21
[0.0, 0.0, 0.0, 0.0, 0.0, 0.0, 0.0, 0.0, 0.0, 0.0, 0.0167, 0.0278, 0.0111, 0.0111, 0.0167, 0.0278, 0.0667, 0.0389, 0.0333, 0.0278, 0.0444, 0.0444, 0.0556, 0.0333, 0.0778, 0.0667, 0.1056, 0.0833, 0.0778, 0.0833, 0.1222, 0.1222, 0.0944, 0.1111, 0.1, 0.1556, 0.1056, 0.1556, 0.1389, 0.1167, 0.1444, 0.1056, 0.15, 0.1278, 0.1444, 0.1444, 0.1667, 0.15, 0.15, 0.1778, 0.1222, 0.1667, 0.15, 0.1667, 0.1667, 0.1889, 0.1833, 0.1833, 0.1556, 0.1889, 0.1778, 0.1333, 0.1444, 0.1889, 0.1889, 0.2167, 0.1333, 0.1722, 0.1889, 0.15, 0.1778, 0.1833, 0.1556, 0.1833, 0.1333, 0.1889, 0.1889, 0.1167, 0.1389, 0.1389, 0.1167, 0.1556, 0.1833, 0.1556, 0.1278, 0.1333, 0.1333, 0.1222, 0.0833, 0.1111, 0.0889, 0.0778, 0.0889, 0.0944, 0.1, 0.05, 0.0278, 0.0333, 0.0556, 0.0]

C22
[0.0, 0.0, 0.0, 0.0, 0.0, 0.0, 0.0, 0.0, 0.0, 0.0, 0.0056, 0.0056, 0.0056, 0.0167, 0.0056, 0.0222, 0.0056, 0.0111, 0.0, 0.0167, 0.0278, 0.0111, 0.0167, 0.0167, 0.0278, 0.0556, 0.0444, 0.0278, 0.0278, 0.0111, 0.0778, 0.0222, 0.0667, 0.0667, 0.0333, 0.0722, 0.0944, 0.0667, 0.0889, 0.0611, 0.1111, 0.0889, 0.0778, 0.0944, 0.0778, 0.1111, 0.0833, 0.1, 0.15, 0.0889, 0.1333, 0.0722, 0.1444, 0.1, 0.0944, 0.1056, 0.1167, 0.1222, 0.1333, 0.1167, 0.1056, 0.1389, 0.1333, 0.0944, 0.1056, 0.1056, 0.1333, 0.1333, 0.1611, 0.1222, 0.0889, 0.15, 0.15, 0.1167, 0.15, 0.0944, 0.1444, 0.1167, 0.1444, 0.1333, 0.1278, 0.0778, 0.1111, 0.1056, 0.1056, 0.1278, 0.1111, 0.1, 0.1111, 0.1278, 0.0778, 0.0667, 0.0778, 0.0556, 0.0611, 0.05, 0.0389, 0.0389, 0.0389, 0.0]
