# sites: N10, total steps: 300, steady_state: 120,
#  k12 = 0.8, k21 = 0.8,
rho_t
[0.0, 0.0202, 0.0404, 0.0606, 0.0808, 0.101, 0.1212, 0.1414, 0.1616, 0.1818, 0.202, 0.2222, 0.2424, 0.2626, 0.2828, 0.303, 0.3232, 0.3434, 0.3636, 0.3838, 0.404, 0.4242, 0.4444, 0.4646, 0.4848, 0.5051, 0.5253, 0.5455, 0.5657, 0.5859, 0.6061, 0.6263, 0.6465, 0.6667, 0.6869, 0.7071, 0.7273, 0.7475, 0.7677, 0.7879, 0.8081, 0.8283, 0.8485, 0.8687, 0.8889, 0.9091, 0.9293, 0.9495, 0.9697, 0.9899, 1.0101, 1.0303, 1.0505, 1.0707, 1.0909, 1.1111, 1.1313, 1.1515, 1.1717, 1.1919, 1.2121, 1.2323, 1.2525, 1.2727, 1.2929, 1.3131, 1.3333, 1.3535, 1.3737, 1.3939, 1.4141, 1.4343, 1.4545, 1.4747, 1.4949, 1.5152, 1.5354, 1.5556, 1.5758, 1.596, 1.6162, 1.6364, 1.6566, 1.6768, 1.697, 1.7172, 1.7374, 1.7576, 1.7778, 1.798, 1.8182, 1.8384, 1.8586, 1.8788, 1.899, 1.9192, 1.9394, 1.9596, 1.9798, 2.0]

rhos
[0.0, 0.0, 0.0, 0.0, 0.0, 0.1, 0.1, 0.1, 0.1, 0.1, 0.1817, 0.1733, 0.175, 0.1883, 0.1844, 0.2478, 0.2433, 0.2672, 0.2467, 0.2467, 0.3072, 0.3083, 0.31, 0.3139, 0.3017, 0.3611, 0.3639, 0.3522, 0.3711, 0.3689, 0.4289, 0.4039, 0.4156, 0.4278, 0.4167, 0.4622, 0.4611, 0.4767, 0.4656, 0.4672, 0.4961, 0.5033, 0.5, 0.5011, 0.5239, 0.5483, 0.5539, 0.5317, 0.5478, 0.5494, 0.6006, 0.6, 0.5867, 0.5828, 0.5956, 0.6417, 0.6344, 0.6383, 0.6394, 0.6294, 0.6672, 0.6539, 0.6656, 0.68, 0.6694, 0.6783, 0.7194, 0.71, 0.7189, 0.7139, 0.7494, 0.7417, 0.7578, 0.7567, 0.7528, 0.7767, 0.7878, 0.7633, 0.7739, 0.7617, 0.8328, 0.8206, 0.8294, 0.825, 0.8289, 0.8622, 0.8706, 0.865, 0.8661, 0.8672, 0.8983, 0.9089, 0.9072, 0.9089, 0.9233, 0.9489, 0.9417, 0.9483, 0.9478, 1.0]

gammas
[0.0, 0.0, 0.0, 0.0, 0.0, 0.0, 0.0, 0.0, 0.0, 0.0, 0.0183, 0.0267, 0.025, 0.0117, 0.0156, 0.0522, 0.0567, 0.0328, 0.0533, 0.0533, 0.0928, 0.0917, 0.09, 0.0861, 0.0983, 0.1389, 0.1361, 0.1478, 0.1289, 0.1311, 0.1711, 0.1961, 0.1844, 0.1722, 0.1833, 0.2378, 0.2389, 0.2233, 0.2344, 0.2328, 0.3039, 0.2967, 0.3, 0.2989, 0.2761, 0.3517, 0.3461, 0.3683, 0.3522, 0.3506, 0.3994, 0.4, 0.4133, 0.4172, 0.4044, 0.4583, 0.4656, 0.4617, 0.4606, 0.4706, 0.5328, 0.5461, 0.5344, 0.52, 0.5306, 0.6217, 0.5806, 0.59, 0.5811, 0.5861, 0.6506, 0.6583, 0.6422, 0.6433, 0.6472, 0.7233, 0.7122, 0.7367, 0.7261, 0.7383, 0.7672, 0.7794, 0.7706, 0.775, 0.7711, 0.8378, 0.8294, 0.835, 0.8339, 0.8328, 0.9017, 0.8911, 0.8928, 0.8911, 0.8767, 0.9511, 0.9583, 0.9517, 0.9522, 1.0]

C_total
[0.         0.         0.         0.         0.         0.11666667
 0.11111111 0.08888889 0.1        0.08888889 0.19444444 0.19444444
 0.18333333 0.2        0.18333333 0.31666667 0.24444444 0.29444444
 0.35       0.26666667 0.43888889 0.34444444 0.35555556 0.33888889
 0.36111111 0.48333333 0.45       0.42777778 0.46111111 0.41111111
 0.55       0.48333333 0.51666667 0.49444444 0.52777778 0.6
 0.54444444 0.57222222 0.55555556 0.58888889 0.63888889 0.60555556
 0.60555556 0.56111111 0.61111111 0.62222222 0.59444444 0.61666667
 0.62777778 0.67777778 0.65       0.62777778 0.65555556 0.65555556
 0.68333333 0.62222222 0.65555556 0.73333333 0.71666667 0.68333333
 0.68888889 0.65       0.68333333 0.67222222 0.70555556 0.61111111
 0.68888889 0.65       0.7        0.56666667 0.65       0.63333333
 0.61666667 0.63888889 0.58888889 0.51111111 0.55555556 0.56111111
 0.56666667 0.54444444 0.56666667 0.51111111 0.47777778 0.54444444
 0.52222222 0.38888889 0.45555556 0.40555556 0.40555556 0.41111111
 0.31666667 0.35       0.32777778 0.37222222 0.32777778 0.18888889
 0.16111111 0.2        0.15555556 0.        ]

C11
[0.0, 0.0, 0.0, 0.0, 0.0, 0.1167, 0.1111, 0.0889, 0.1, 0.0889, 0.1667, 0.1444, 0.1778, 0.1833, 0.1667, 0.2278, 0.1944, 0.25, 0.2667, 0.1722, 0.2722, 0.2111, 0.2333, 0.2333, 0.2333, 0.2611, 0.2889, 0.2778, 0.2722, 0.2778, 0.3389, 0.2667, 0.2611, 0.3111, 0.2833, 0.3222, 0.2722, 0.2833, 0.2833, 0.3, 0.3167, 0.2611, 0.3, 0.2833, 0.2611, 0.2389, 0.2333, 0.2833, 0.2833, 0.2833, 0.2611, 0.2333, 0.2889, 0.2611, 0.25, 0.25, 0.2222, 0.3056, 0.25, 0.2222, 0.2389, 0.2556, 0.2556, 0.2333, 0.2278, 0.2, 0.2222, 0.2389, 0.2222, 0.1944, 0.2056, 0.1944, 0.2167, 0.2056, 0.2, 0.1722, 0.1778, 0.1667, 0.1722, 0.2167, 0.15, 0.1889, 0.1889, 0.1611, 0.1889, 0.1167, 0.1389, 0.1111, 0.0889, 0.1, 0.1, 0.0944, 0.0833, 0.1167, 0.0889, 0.0944, 0.05, 0.0611, 0.0333, 0.0]

C12
[0.0, 0.0, 0.0, 0.0, 0.0, 0.0, 0.0, 0.0, 0.0, 0.0, 0.0111, 0.0278, 0.0, 0.0056, 0.0056, 0.0222, 0.0278, 0.0167, 0.0278, 0.0444, 0.0667, 0.0611, 0.0444, 0.0333, 0.05, 0.0778, 0.0667, 0.05, 0.0556, 0.0333, 0.0722, 0.0944, 0.1278, 0.0722, 0.0889, 0.0944, 0.1333, 0.1167, 0.1, 0.0833, 0.1278, 0.1556, 0.1389, 0.0889, 0.1167, 0.1722, 0.1722, 0.1333, 0.1389, 0.1556, 0.1111, 0.1333, 0.1167, 0.1444, 0.1556, 0.1444, 0.1556, 0.1722, 0.1778, 0.1667, 0.1611, 0.1222, 0.1611, 0.1278, 0.1722, 0.15, 0.1778, 0.1389, 0.15, 0.1444, 0.1778, 0.1556, 0.1333, 0.1333, 0.1333, 0.1056, 0.1333, 0.1333, 0.1389, 0.0722, 0.1556, 0.0833, 0.0778, 0.1389, 0.0833, 0.1167, 0.0944, 0.1278, 0.1167, 0.1444, 0.0667, 0.0944, 0.0722, 0.0944, 0.0611, 0.0333, 0.0222, 0.0389, 0.0333, 0.0]

C21
[0.0, 0.0, 0.0, 0.0, 0.0, 0.0, 0.0, 0.0, 0.0, 0.0, 0.0111, 0.0111, 0.0056, 0.0111, 0.0111, 0.0611, 0.0056, 0.0222, 0.0444, 0.0444, 0.0778, 0.0611, 0.0389, 0.05, 0.0556, 0.1, 0.0667, 0.0611, 0.1, 0.0722, 0.1056, 0.0611, 0.0889, 0.0611, 0.1056, 0.1389, 0.0722, 0.0944, 0.1167, 0.1333, 0.1444, 0.1111, 0.0722, 0.1, 0.1333, 0.1167, 0.0889, 0.1056, 0.1222, 0.1333, 0.1611, 0.1444, 0.15, 0.1333, 0.1778, 0.1278, 0.1389, 0.1222, 0.1667, 0.1444, 0.1889, 0.1389, 0.1611, 0.1833, 0.1778, 0.1278, 0.1667, 0.1333, 0.1889, 0.1333, 0.1667, 0.15, 0.1222, 0.1333, 0.1278, 0.1167, 0.1389, 0.1389, 0.1278, 0.1278, 0.1389, 0.1111, 0.0944, 0.1333, 0.1278, 0.0667, 0.1, 0.0889, 0.0778, 0.1056, 0.0833, 0.0944, 0.0778, 0.1, 0.0833, 0.0389, 0.0278, 0.0556, 0.0444, 0.0]

C22
[0.0, 0.0, 0.0, 0.0, 0.0, 0.0, 0.0, 0.0, 0.0, 0.0, 0.0056, 0.0111, 0.0, 0.0, 0.0, 0.0056, 0.0167, 0.0056, 0.0111, 0.0056, 0.0222, 0.0111, 0.0389, 0.0222, 0.0222, 0.0444, 0.0278, 0.0389, 0.0333, 0.0278, 0.0333, 0.0611, 0.0389, 0.05, 0.05, 0.0444, 0.0667, 0.0778, 0.0556, 0.0722, 0.05, 0.0778, 0.0944, 0.0889, 0.1, 0.0944, 0.1, 0.0944, 0.0833, 0.1056, 0.1167, 0.1167, 0.1, 0.1167, 0.1, 0.1, 0.1389, 0.1333, 0.1222, 0.15, 0.1, 0.1333, 0.1056, 0.1278, 0.1278, 0.1333, 0.1222, 0.1389, 0.1389, 0.0944, 0.1, 0.1333, 0.1444, 0.1667, 0.1278, 0.1167, 0.1056, 0.1222, 0.1278, 0.1278, 0.1222, 0.1278, 0.1167, 0.1111, 0.1222, 0.0889, 0.1222, 0.0778, 0.1222, 0.0611, 0.0667, 0.0667, 0.0944, 0.0611, 0.0944, 0.0222, 0.0611, 0.0444, 0.0444, 0.0]
