# sites: N80, total steps: 15000, steady_state: 10000,
#  k12 = 0.6, k21 = 0.6,
rho_t
[0.0, 0.0202, 0.0404, 0.0606, 0.0808, 0.101, 0.1212, 0.1414, 0.1616, 0.1818, 0.202, 0.2222, 0.2424, 0.2626, 0.2828, 0.303, 0.3232, 0.3434, 0.3636, 0.3838, 0.404, 0.4242, 0.4444, 0.4646, 0.4848, 0.5051, 0.5253, 0.5455, 0.5657, 0.5859, 0.6061, 0.6263, 0.6465, 0.6667, 0.6869, 0.7071, 0.7273, 0.7475, 0.7677, 0.7879, 0.8081, 0.8283, 0.8485, 0.8687, 0.8889, 0.9091, 0.9293, 0.9495, 0.9697, 0.9899, 1.0101, 1.0303, 1.0505, 1.0707, 1.0909, 1.1111, 1.1313, 1.1515, 1.1717, 1.1919, 1.2121, 1.2323, 1.2525, 1.2727, 1.2929, 1.3131, 1.3333, 1.3535, 1.3737, 1.3939, 1.4141, 1.4343, 1.4545, 1.4747, 1.4949, 1.5152, 1.5354, 1.5556, 1.5758, 1.596, 1.6162, 1.6364, 1.6566, 1.6768, 1.697, 1.7172, 1.7374, 1.7576, 1.7778, 1.798, 1.8182, 1.8384, 1.8586, 1.8788, 1.899, 1.9192, 1.9394, 1.9596, 1.9798, 2.0]

rhos
[0.0, 0.0125, 0.0366, 0.0485, 0.0709, 0.0931, 0.1041, 0.1235, 0.1326, 0.1522, 0.171, 0.1794, 0.1979, 0.2146, 0.2214, 0.2375, 0.2457, 0.2635, 0.2759, 0.2847, 0.2989, 0.307, 0.3215, 0.3339, 0.3396, 0.3544, 0.3674, 0.3742, 0.385, 0.3933, 0.4059, 0.4166, 0.4231, 0.437, 0.441, 0.4532, 0.4635, 0.4692, 0.4814, 0.4917, 0.4983, 0.5078, 0.5166, 0.5251, 0.5365, 0.5415, 0.55, 0.5566, 0.5678, 0.5776, 0.5831, 0.593, 0.6034, 0.608, 0.6194, 0.6239, 0.6327, 0.6432, 0.6493, 0.6594, 0.6649, 0.6736, 0.6834, 0.6886, 0.6987, 0.7085, 0.7128, 0.7233, 0.729, 0.7388, 0.7479, 0.753, 0.7631, 0.7671, 0.7785, 0.7882, 0.7937, 0.8025, 0.813, 0.8181, 0.8282, 0.8324, 0.8436, 0.8536, 0.8589, 0.8696, 0.8751, 0.8845, 0.8953, 0.9018, 0.9127, 0.9232, 0.9289, 0.9403, 0.9457, 0.9572, 0.9692, 0.9753, 0.9874, 1.0]

gammas
[0.0, 0.0, 0.0009, 0.0015, 0.0041, 0.0069, 0.0084, 0.014, 0.0174, 0.0228, 0.029, 0.0331, 0.0396, 0.0479, 0.0536, 0.0625, 0.0668, 0.074, 0.0866, 0.0903, 0.1011, 0.1055, 0.116, 0.1286, 0.1354, 0.1456, 0.1576, 0.1633, 0.1775, 0.1817, 0.1941, 0.2084, 0.2144, 0.2255, 0.234, 0.2468, 0.2615, 0.2683, 0.2811, 0.2958, 0.3017, 0.3172, 0.3209, 0.3374, 0.351, 0.3585, 0.375, 0.3809, 0.3947, 0.4099, 0.4169, 0.432, 0.4466, 0.4545, 0.4681, 0.4761, 0.4923, 0.5068, 0.5132, 0.5281, 0.5351, 0.5514, 0.5666, 0.5739, 0.5888, 0.604, 0.6122, 0.6267, 0.6335, 0.6487, 0.6646, 0.672, 0.6869, 0.6954, 0.709, 0.7243, 0.7313, 0.7475, 0.762, 0.7694, 0.7842, 0.7926, 0.8064, 0.8214, 0.8286, 0.8429, 0.8499, 0.8654, 0.8797, 0.8857, 0.8998, 0.9143, 0.9211, 0.9347, 0.9418, 0.9553, 0.9683, 0.9747, 0.9876, 1.0]

C_total
[0.     0.0128 0.0368 0.0496 0.0734 0.0968 0.1094 0.133  0.1416 0.1656
 0.1886 0.1976 0.2182 0.2358 0.2508 0.2644 0.274  0.2964 0.3074 0.3286
 0.3416 0.3428 0.3698 0.3846 0.382  0.4062 0.414  0.4246 0.4412 0.4408
 0.4604 0.4634 0.4706 0.495  0.4922 0.502  0.5102 0.5146 0.5234 0.5352
 0.5362 0.544  0.547  0.5514 0.559  0.5554 0.5644 0.5708 0.5664 0.5768
 0.5732 0.5736 0.5684 0.572  0.5716 0.5662 0.5648 0.5768 0.5772 0.5766
 0.5728 0.5564 0.5674 0.5558 0.5468 0.5518 0.538  0.5316 0.541  0.5284
 0.5156 0.499  0.4888 0.491  0.4872 0.4674 0.4628 0.4544 0.4198 0.4104
 0.403  0.3924 0.363  0.3528 0.344  0.3176 0.3088 0.29   0.272  0.26
 0.2326 0.2058 0.1914 0.161  0.1452 0.117  0.0792 0.0686 0.0356 0.    ]

C11
[0.0, 0.0128, 0.0364, 0.0478, 0.069, 0.0874, 0.0982, 0.1162, 0.122, 0.1354, 0.1548, 0.1574, 0.168, 0.1856, 0.189, 0.195, 0.2014, 0.2144, 0.2168, 0.2256, 0.2302, 0.2264, 0.2414, 0.2492, 0.2446, 0.254, 0.261, 0.2582, 0.2656, 0.2602, 0.2722, 0.2692, 0.267, 0.2814, 0.2666, 0.2808, 0.2714, 0.2786, 0.2776, 0.2852, 0.2746, 0.2782, 0.283, 0.2774, 0.2848, 0.273, 0.2748, 0.2872, 0.2696, 0.267, 0.2656, 0.2522, 0.269, 0.26, 0.2634, 0.257, 0.244, 0.2476, 0.2616, 0.2586, 0.26, 0.233, 0.244, 0.2458, 0.2338, 0.228, 0.2216, 0.2178, 0.2188, 0.2124, 0.2058, 0.1974, 0.1914, 0.1968, 0.1924, 0.1896, 0.1764, 0.1756, 0.1594, 0.1578, 0.155, 0.1434, 0.1394, 0.125, 0.1326, 0.115, 0.1074, 0.1092, 0.1012, 0.0922, 0.0828, 0.0712, 0.0676, 0.0572, 0.0512, 0.0414, 0.0298, 0.0246, 0.0106, 0.0]

C12
[0.0, 0.0, 0.0004, 0.0002, 0.002, 0.004, 0.0052, 0.0058, 0.0084, 0.012, 0.0116, 0.014, 0.0194, 0.0174, 0.021, 0.0242, 0.0288, 0.0296, 0.0342, 0.0372, 0.041, 0.0452, 0.0482, 0.0474, 0.0514, 0.0544, 0.056, 0.0618, 0.063, 0.0656, 0.0704, 0.068, 0.0734, 0.0716, 0.0876, 0.0804, 0.0852, 0.0814, 0.0892, 0.0898, 0.095, 0.0936, 0.0962, 0.1004, 0.0964, 0.102, 0.0974, 0.0922, 0.0998, 0.1094, 0.1084, 0.115, 0.1034, 0.1126, 0.1066, 0.1062, 0.1108, 0.1166, 0.1102, 0.1104, 0.105, 0.1138, 0.114, 0.1062, 0.1068, 0.114, 0.1082, 0.1126, 0.1122, 0.1056, 0.1104, 0.105, 0.1004, 0.099, 0.1008, 0.0926, 0.0998, 0.0956, 0.0846, 0.0838, 0.086, 0.0892, 0.0716, 0.0772, 0.0724, 0.0706, 0.0696, 0.059, 0.0564, 0.0554, 0.0488, 0.0468, 0.041, 0.0332, 0.0282, 0.025, 0.0182, 0.017, 0.0088, 0.0]

C21
[0.0, 0.0, 0.0, 0.0012, 0.0022, 0.0042, 0.0032, 0.0074, 0.0082, 0.012, 0.0168, 0.0194, 0.0248, 0.0246, 0.0292, 0.031, 0.033, 0.0364, 0.0382, 0.0446, 0.0476, 0.0474, 0.057, 0.061, 0.0542, 0.0662, 0.0596, 0.0676, 0.0748, 0.0736, 0.079, 0.0792, 0.0798, 0.0922, 0.0858, 0.089, 0.094, 0.0924, 0.0946, 0.0968, 0.1038, 0.1034, 0.1028, 0.1048, 0.1042, 0.1072, 0.112, 0.1086, 0.1124, 0.1162, 0.1162, 0.119, 0.11, 0.1118, 0.1076, 0.1134, 0.1146, 0.1244, 0.1212, 0.1162, 0.116, 0.1152, 0.12, 0.1164, 0.1114, 0.118, 0.1142, 0.1054, 0.115, 0.1116, 0.1106, 0.1046, 0.1006, 0.1024, 0.1066, 0.1, 0.0982, 0.0996, 0.0902, 0.0838, 0.0846, 0.081, 0.0808, 0.076, 0.0694, 0.065, 0.061, 0.0618, 0.059, 0.0554, 0.0526, 0.0454, 0.0394, 0.0328, 0.0314, 0.0236, 0.0144, 0.0126, 0.0096, 0.0]

C22
[0.0, 0.0, 0.0, 0.0004, 0.0002, 0.0012, 0.0028, 0.0036, 0.003, 0.0062, 0.0054, 0.0068, 0.006, 0.0082, 0.0116, 0.0142, 0.0108, 0.016, 0.0182, 0.0212, 0.0228, 0.0238, 0.0232, 0.027, 0.0318, 0.0316, 0.0374, 0.037, 0.0378, 0.0414, 0.0388, 0.047, 0.0504, 0.0498, 0.0522, 0.0518, 0.0596, 0.0622, 0.062, 0.0634, 0.0628, 0.0688, 0.065, 0.0688, 0.0736, 0.0732, 0.0802, 0.0828, 0.0846, 0.0842, 0.083, 0.0874, 0.086, 0.0876, 0.094, 0.0896, 0.0954, 0.0882, 0.0842, 0.0914, 0.0918, 0.0944, 0.0894, 0.0874, 0.0948, 0.0918, 0.094, 0.0958, 0.095, 0.0988, 0.0888, 0.092, 0.0964, 0.0928, 0.0874, 0.0852, 0.0884, 0.0836, 0.0856, 0.085, 0.0774, 0.0788, 0.0712, 0.0746, 0.0696, 0.067, 0.0708, 0.06, 0.0554, 0.057, 0.0484, 0.0424, 0.0434, 0.0378, 0.0344, 0.027, 0.0168, 0.0144, 0.0066, 0.0]
