# sites: N80, total steps: 15000, steady_state: 10000,
#  k12 = 0.4, k21 = 0.4,
rho_t
[0.0, 0.0202, 0.0404, 0.0606, 0.0808, 0.101, 0.1212, 0.1414, 0.1616, 0.1818, 0.202, 0.2222, 0.2424, 0.2626, 0.2828, 0.303, 0.3232, 0.3434, 0.3636, 0.3838, 0.404, 0.4242, 0.4444, 0.4646, 0.4848, 0.5051, 0.5253, 0.5455, 0.5657, 0.5859, 0.6061, 0.6263, 0.6465, 0.6667, 0.6869, 0.7071, 0.7273, 0.7475, 0.7677, 0.7879, 0.8081, 0.8283, 0.8485, 0.8687, 0.8889, 0.9091, 0.9293, 0.9495, 0.9697, 0.9899, 1.0101, 1.0303, 1.0505, 1.0707, 1.0909, 1.1111, 1.1313, 1.1515, 1.1717, 1.1919, 1.2121, 1.2323, 1.2525, 1.2727, 1.2929, 1.3131, 1.3333, 1.3535, 1.3737, 1.3939, 1.4141, 1.4343, 1.4545, 1.4747, 1.4949, 1.5152, 1.5354, 1.5556, 1.5758, 1.596, 1.6162, 1.6364, 1.6566, 1.6768, 1.697, 1.7172, 1.7374, 1.7576, 1.7778, 1.798, 1.8182, 1.8384, 1.8586, 1.8788, 1.899, 1.9192, 1.9394, 1.9596, 1.9798, 2.0]

rhos
[0.0, 0.0125, 0.0368, 0.0487, 0.0717, 0.093, 0.1039, 0.1234, 0.1322, 0.1522, 0.1703, 0.1797, 0.1968, 0.2136, 0.2219, 0.2394, 0.2465, 0.2633, 0.2769, 0.2829, 0.2985, 0.3039, 0.3193, 0.3323, 0.3397, 0.3528, 0.3636, 0.3734, 0.3858, 0.3916, 0.4038, 0.4162, 0.4208, 0.4311, 0.4382, 0.4495, 0.4633, 0.4672, 0.4795, 0.4901, 0.4941, 0.5059, 0.5095, 0.5227, 0.5318, 0.5388, 0.5481, 0.5538, 0.564, 0.5741, 0.5781, 0.5906, 0.5998, 0.6034, 0.6149, 0.62, 0.6294, 0.6388, 0.6458, 0.6548, 0.6613, 0.6714, 0.6803, 0.6853, 0.6955, 0.7044, 0.7105, 0.7199, 0.7246, 0.7353, 0.7467, 0.7506, 0.7606, 0.7642, 0.7747, 0.7842, 0.7911, 0.8018, 0.8103, 0.8149, 0.8264, 0.8313, 0.8416, 0.8529, 0.8569, 0.8692, 0.8725, 0.8853, 0.8946, 0.901, 0.9117, 0.9217, 0.9285, 0.9397, 0.9457, 0.9574, 0.9697, 0.9756, 0.9877, 1.0]

gammas
[0.0, 0.0, 0.0007, 0.0013, 0.0033, 0.007, 0.0086, 0.0141, 0.0178, 0.0228, 0.0297, 0.0328, 0.0407, 0.0489, 0.0531, 0.0606, 0.066, 0.0742, 0.0856, 0.0921, 0.1015, 0.1086, 0.1182, 0.1302, 0.1353, 0.1472, 0.1614, 0.1641, 0.1767, 0.1834, 0.1962, 0.2088, 0.2167, 0.2314, 0.2368, 0.2505, 0.2617, 0.2703, 0.283, 0.2974, 0.3059, 0.3191, 0.328, 0.3398, 0.3557, 0.3612, 0.3769, 0.3837, 0.3985, 0.4134, 0.4219, 0.4344, 0.4502, 0.4591, 0.4726, 0.48, 0.4956, 0.5112, 0.5167, 0.5327, 0.5387, 0.5536, 0.5697, 0.5772, 0.592, 0.6081, 0.6145, 0.6301, 0.6379, 0.6522, 0.6658, 0.6744, 0.6894, 0.6983, 0.7128, 0.7283, 0.7339, 0.7482, 0.7647, 0.7726, 0.7861, 0.7937, 0.8084, 0.8221, 0.8306, 0.8433, 0.8525, 0.8647, 0.8804, 0.8865, 0.9008, 0.9158, 0.9215, 0.9353, 0.9418, 0.9551, 0.9678, 0.9744, 0.9873, 1.0]

C_total
[0.     0.0128 0.037  0.0486 0.0722 0.0962 0.1046 0.1256 0.135  0.1574
 0.1786 0.1836 0.2016 0.222  0.2336 0.2484 0.252  0.2774 0.2866 0.2948
 0.3174 0.3194 0.3284 0.3456 0.3506 0.3558 0.3684 0.3856 0.3876 0.3942
 0.4034 0.4132 0.414  0.424  0.4284 0.4318 0.442  0.4416 0.4568 0.4582
 0.4602 0.4634 0.474  0.4778 0.4734 0.4772 0.486  0.4838 0.4804 0.4864
 0.4882 0.4798 0.492  0.4796 0.473  0.4762 0.4816 0.4872 0.4858 0.4766
 0.4652 0.4672 0.4718 0.4676 0.4636 0.4538 0.4444 0.4394 0.4364 0.4238
 0.4166 0.408  0.4076 0.3956 0.383  0.38   0.3698 0.3546 0.3482 0.34
 0.3266 0.3264 0.3036 0.283  0.2758 0.2524 0.2528 0.2362 0.2124 0.2
 0.1712 0.1626 0.1482 0.1252 0.115  0.09   0.0678 0.0556 0.0288 0.    ]

C11
[0.0, 0.0128, 0.0366, 0.048, 0.069, 0.09, 0.098, 0.1144, 0.1202, 0.138, 0.1512, 0.1528, 0.1684, 0.1788, 0.1906, 0.1968, 0.2004, 0.21, 0.2192, 0.2214, 0.23, 0.2376, 0.238, 0.2506, 0.2492, 0.254, 0.2556, 0.2618, 0.267, 0.2698, 0.266, 0.2742, 0.2732, 0.2782, 0.276, 0.2764, 0.27, 0.2702, 0.2786, 0.2816, 0.2796, 0.2714, 0.279, 0.2756, 0.2748, 0.2756, 0.2756, 0.2702, 0.2736, 0.2738, 0.2702, 0.2576, 0.2814, 0.2624, 0.2674, 0.2546, 0.2576, 0.2728, 0.2498, 0.2528, 0.2488, 0.2466, 0.2454, 0.2454, 0.237, 0.2378, 0.2244, 0.2264, 0.2172, 0.2112, 0.2026, 0.2042, 0.1974, 0.1906, 0.1896, 0.186, 0.1714, 0.172, 0.166, 0.161, 0.1548, 0.1506, 0.1452, 0.1314, 0.1262, 0.1188, 0.1168, 0.1062, 0.0994, 0.0926, 0.0816, 0.0752, 0.0698, 0.059, 0.0522, 0.0424, 0.0306, 0.0248, 0.0148, 0.0]

C12
[0.0, 0.0, 0.0, 0.0002, 0.001, 0.0016, 0.0024, 0.0032, 0.0078, 0.0068, 0.0082, 0.013, 0.0124, 0.0148, 0.0144, 0.0182, 0.02, 0.0218, 0.0254, 0.0272, 0.0286, 0.0294, 0.0346, 0.0318, 0.0374, 0.0354, 0.037, 0.0424, 0.0384, 0.0436, 0.0484, 0.0472, 0.0496, 0.0494, 0.0534, 0.053, 0.0652, 0.0604, 0.0618, 0.0622, 0.0632, 0.0686, 0.0662, 0.0732, 0.0654, 0.0694, 0.0694, 0.0776, 0.0706, 0.0718, 0.0784, 0.0748, 0.0656, 0.0726, 0.069, 0.0766, 0.0738, 0.0738, 0.082, 0.0764, 0.0718, 0.0742, 0.0796, 0.0738, 0.0758, 0.0718, 0.078, 0.0702, 0.0786, 0.0758, 0.077, 0.0678, 0.0714, 0.076, 0.066, 0.068, 0.069, 0.0654, 0.0618, 0.0618, 0.0582, 0.0592, 0.0538, 0.0502, 0.0526, 0.0448, 0.0452, 0.0426, 0.0358, 0.032, 0.0308, 0.0328, 0.0248, 0.0216, 0.0212, 0.0162, 0.0096, 0.008, 0.0034, 0.0]

C21
[0.0, 0.0, 0.0004, 0.0004, 0.0012, 0.0036, 0.0038, 0.0062, 0.0054, 0.0094, 0.0144, 0.0124, 0.0138, 0.0204, 0.0226, 0.0262, 0.022, 0.0312, 0.0286, 0.0314, 0.0396, 0.0372, 0.037, 0.0434, 0.0432, 0.0408, 0.0484, 0.0566, 0.0492, 0.0504, 0.0574, 0.0606, 0.0554, 0.059, 0.0572, 0.0616, 0.0674, 0.0706, 0.0724, 0.0702, 0.076, 0.075, 0.0782, 0.0766, 0.0768, 0.0796, 0.0818, 0.0808, 0.0808, 0.0808, 0.0782, 0.0792, 0.0842, 0.0788, 0.0774, 0.0818, 0.0868, 0.0854, 0.0888, 0.0862, 0.0774, 0.0792, 0.0872, 0.0826, 0.08, 0.0808, 0.08, 0.0824, 0.0756, 0.0736, 0.0706, 0.0692, 0.0786, 0.0678, 0.065, 0.0716, 0.0674, 0.0616, 0.0658, 0.06, 0.0622, 0.059, 0.057, 0.053, 0.0536, 0.0426, 0.043, 0.045, 0.037, 0.037, 0.0274, 0.0292, 0.0262, 0.0224, 0.0204, 0.0156, 0.0136, 0.0104, 0.0054, 0.0]

C22
[0.0, 0.0, 0.0, 0.0, 0.001, 0.001, 0.0004, 0.0018, 0.0016, 0.0032, 0.0048, 0.0054, 0.007, 0.008, 0.006, 0.0072, 0.0096, 0.0144, 0.0134, 0.0148, 0.0192, 0.0152, 0.0188, 0.0198, 0.0208, 0.0256, 0.0274, 0.0248, 0.033, 0.0304, 0.0316, 0.0312, 0.0358, 0.0374, 0.0418, 0.0408, 0.0394, 0.0404, 0.044, 0.0442, 0.0414, 0.0484, 0.0506, 0.0524, 0.0564, 0.0526, 0.0592, 0.0552, 0.0554, 0.06, 0.0614, 0.0682, 0.0608, 0.0658, 0.0592, 0.0632, 0.0634, 0.0552, 0.0652, 0.0612, 0.0672, 0.0672, 0.0596, 0.0658, 0.0708, 0.0634, 0.062, 0.0604, 0.065, 0.0632, 0.0664, 0.0668, 0.0602, 0.0612, 0.0624, 0.0544, 0.062, 0.0556, 0.0546, 0.0572, 0.0514, 0.0576, 0.0476, 0.0484, 0.0434, 0.0462, 0.0478, 0.0424, 0.0402, 0.0384, 0.0314, 0.0254, 0.0274, 0.0222, 0.0212, 0.0158, 0.014, 0.0124, 0.0052, 0.0]
