# sites: N10, total steps: 300, steady_state: 120,
#  k12 = 0.2, k21 = 0.2,
rho_t
[0.0, 0.0202, 0.0404, 0.0606, 0.0808, 0.101, 0.1212, 0.1414, 0.1616, 0.1818, 0.202, 0.2222, 0.2424, 0.2626, 0.2828, 0.303, 0.3232, 0.3434, 0.3636, 0.3838, 0.404, 0.4242, 0.4444, 0.4646, 0.4848, 0.5051, 0.5253, 0.5455, 0.5657, 0.5859, 0.6061, 0.6263, 0.6465, 0.6667, 0.6869, 0.7071, 0.7273, 0.7475, 0.7677, 0.7879, 0.8081, 0.8283, 0.8485, 0.8687, 0.8889, 0.9091, 0.9293, 0.9495, 0.9697, 0.9899, 1.0101, 1.0303, 1.0505, 1.0707, 1.0909, 1.1111, 1.1313, 1.1515, 1.1717, 1.1919, 1.2121, 1.2323, 1.2525, 1.2727, 1.2929, 1.3131, 1.3333, 1.3535, 1.3737, 1.3939, 1.4141, 1.4343, 1.4545, 1.4747, 1.4949, 1.5152, 1.5354, 1.5556, 1.5758, 1.596, 1.6162, 1.6364, 1.6566, 1.6768, 1.697, 1.7172, 1.7374, 1.7576, 1.7778, 1.798, 1.8182, 1.8384, 1.8586, 1.8788, 1.899, 1.9192, 1.9394, 1.9596, 1.9798, 2.0]

rhos
[0.0, 0.0, 0.0, 0.0, 0.0, 0.1, 0.1, 0.1, 0.1, 0.1, 0.1722, 0.1811, 0.1828, 0.1661, 0.1894, 0.2622, 0.2517, 0.2333, 0.2372, 0.2694, 0.2928, 0.32, 0.33, 0.2933, 0.2772, 0.3544, 0.3594, 0.3622, 0.3617, 0.3489, 0.4061, 0.4067, 0.4056, 0.3761, 0.385, 0.4467, 0.4972, 0.4556, 0.4422, 0.435, 0.4889, 0.4967, 0.475, 0.5044, 0.4944, 0.5089, 0.5378, 0.5467, 0.5406, 0.5511, 0.6111, 0.5711, 0.5706, 0.5878, 0.5872, 0.6372, 0.5933, 0.6183, 0.6194, 0.6206, 0.6989, 0.6733, 0.6733, 0.655, 0.6517, 0.6767, 0.7017, 0.6839, 0.7083, 0.7, 0.7144, 0.7383, 0.7522, 0.7278, 0.7344, 0.7572, 0.7828, 0.7589, 0.7733, 0.7572, 0.82, 0.845, 0.7961, 0.8428, 0.8211, 0.8433, 0.8694, 0.8728, 0.8667, 0.8528, 0.8944, 0.9117, 0.9194, 0.8894, 0.9144, 0.9633, 0.955, 0.9417, 0.9578, 1.0]

gammas
[0.0, 0.0, 0.0, 0.0, 0.0, 0.0, 0.0, 0.0, 0.0, 0.0, 0.0278, 0.0189, 0.0172, 0.0339, 0.0106, 0.0378, 0.0483, 0.0667, 0.0628, 0.0306, 0.1072, 0.08, 0.07, 0.1067, 0.1228, 0.1456, 0.1406, 0.1378, 0.1383, 0.1511, 0.1939, 0.1933, 0.1944, 0.2239, 0.215, 0.2533, 0.2028, 0.2444, 0.2578, 0.265, 0.3111, 0.3033, 0.325, 0.2956, 0.3056, 0.3911, 0.3622, 0.3533, 0.3594, 0.3489, 0.3889, 0.4289, 0.4294, 0.4122, 0.4128, 0.4628, 0.5067, 0.4817, 0.4806, 0.4794, 0.5011, 0.5267, 0.5267, 0.545, 0.5483, 0.6233, 0.5983, 0.6161, 0.5917, 0.6, 0.6856, 0.6617, 0.6478, 0.6722, 0.6656, 0.7428, 0.7172, 0.7411, 0.7267, 0.7428, 0.78, 0.755, 0.8039, 0.7572, 0.7789, 0.8567, 0.8306, 0.8272, 0.8333, 0.8472, 0.9056, 0.8883, 0.8806, 0.9106, 0.8856, 0.9367, 0.945, 0.9583, 0.9422, 1.0]

C_total
[0.         0.         0.         0.         0.         0.09444444
 0.10555556 0.1        0.08333333 0.1        0.16666667 0.16111111
 0.16666667 0.17777778 0.2        0.23888889 0.22222222 0.24444444
 0.21666667 0.22222222 0.30555556 0.27777778 0.33333333 0.28333333
 0.25       0.3        0.31666667 0.32222222 0.30555556 0.32777778
 0.33333333 0.33888889 0.36666667 0.32777778 0.33888889 0.36666667
 0.37222222 0.4        0.36666667 0.35       0.40555556 0.36111111
 0.39444444 0.38333333 0.35555556 0.40555556 0.40555556 0.35
 0.40555556 0.39444444 0.36666667 0.4        0.39444444 0.39444444
 0.40555556 0.38888889 0.41666667 0.41111111 0.38888889 0.41666667
 0.32222222 0.35555556 0.36111111 0.36666667 0.36111111 0.33333333
 0.37222222 0.37222222 0.31666667 0.33333333 0.33333333 0.30555556
 0.32777778 0.3        0.3        0.33333333 0.28333333 0.31666667
 0.3        0.29444444 0.22222222 0.23333333 0.27222222 0.25
 0.29444444 0.22222222 0.23333333 0.21111111 0.22777778 0.19444444
 0.18333333 0.14444444 0.13333333 0.16666667 0.15       0.06111111
 0.07222222 0.08888889 0.07777778 0.        ]

C11
[0.0, 0.0, 0.0, 0.0, 0.0, 0.0944, 0.1056, 0.1, 0.0833, 0.1, 0.1444, 0.1556, 0.1611, 0.1611, 0.1833, 0.2222, 0.2111, 0.2278, 0.1833, 0.2111, 0.25, 0.2333, 0.3, 0.2444, 0.2167, 0.2556, 0.2833, 0.2444, 0.2611, 0.2556, 0.2667, 0.2611, 0.2944, 0.2667, 0.2778, 0.2889, 0.3167, 0.2889, 0.2778, 0.2667, 0.2833, 0.2722, 0.3, 0.2944, 0.2667, 0.2722, 0.2556, 0.2389, 0.2667, 0.2889, 0.2389, 0.2833, 0.2778, 0.2833, 0.2722, 0.2667, 0.2722, 0.2722, 0.2833, 0.2444, 0.2278, 0.2278, 0.2556, 0.2722, 0.25, 0.2222, 0.2667, 0.2444, 0.2222, 0.2111, 0.2167, 0.2, 0.1944, 0.1944, 0.2, 0.2389, 0.1889, 0.2, 0.1833, 0.1889, 0.1222, 0.15, 0.1667, 0.1278, 0.15, 0.1556, 0.1556, 0.1222, 0.1389, 0.1222, 0.1333, 0.0778, 0.1, 0.1167, 0.0778, 0.0278, 0.05, 0.0667, 0.0611, 0.0]

C12
[0.0, 0.0, 0.0, 0.0, 0.0, 0.0, 0.0, 0.0, 0.0, 0.0, 0.0111, 0.0, 0.0, 0.0, 0.0, 0.0056, 0.0056, 0.0, 0.0167, 0.0056, 0.0111, 0.0167, 0.0056, 0.0167, 0.0167, 0.0167, 0.0111, 0.0444, 0.0167, 0.0333, 0.0167, 0.0278, 0.0167, 0.0111, 0.0056, 0.0278, 0.0167, 0.0389, 0.0167, 0.0333, 0.0444, 0.0222, 0.0167, 0.0389, 0.0389, 0.0333, 0.0667, 0.0444, 0.0667, 0.0333, 0.0389, 0.0333, 0.0222, 0.0333, 0.0444, 0.0222, 0.0444, 0.0444, 0.0222, 0.0722, 0.0167, 0.0278, 0.0278, 0.0167, 0.05, 0.0444, 0.0222, 0.0389, 0.0444, 0.0333, 0.0389, 0.0278, 0.05, 0.05, 0.0389, 0.0278, 0.0222, 0.0444, 0.0333, 0.0222, 0.0556, 0.0278, 0.0444, 0.05, 0.0611, 0.0333, 0.0278, 0.0333, 0.0333, 0.0167, 0.0167, 0.0222, 0.0, 0.0167, 0.0111, 0.0056, 0.0167, 0.0056, 0.0, 0.0]

C21
[0.0, 0.0, 0.0, 0.0, 0.0, 0.0, 0.0, 0.0, 0.0, 0.0, 0.0111, 0.0056, 0.0056, 0.0111, 0.0167, 0.0111, 0.0, 0.0167, 0.0167, 0.0056, 0.0389, 0.0167, 0.0222, 0.0167, 0.0167, 0.0222, 0.0167, 0.0333, 0.0278, 0.0167, 0.0278, 0.0222, 0.0444, 0.0222, 0.0278, 0.0389, 0.0278, 0.0333, 0.0278, 0.0278, 0.05, 0.0389, 0.0556, 0.05, 0.0222, 0.0667, 0.0556, 0.0333, 0.0444, 0.05, 0.05, 0.0444, 0.0333, 0.0667, 0.0556, 0.0611, 0.0444, 0.0556, 0.05, 0.0611, 0.0111, 0.0611, 0.0556, 0.0389, 0.0167, 0.0333, 0.05, 0.0333, 0.0278, 0.0333, 0.05, 0.0278, 0.0389, 0.0222, 0.0333, 0.0167, 0.0222, 0.0389, 0.0444, 0.0389, 0.0222, 0.0444, 0.0278, 0.0333, 0.0444, 0.0111, 0.0389, 0.0222, 0.0389, 0.0278, 0.0278, 0.0222, 0.0111, 0.0222, 0.0222, 0.0111, 0.0056, 0.0111, 0.0111, 0.0]

C22
[0.0, 0.0, 0.0, 0.0, 0.0, 0.0, 0.0, 0.0, 0.0, 0.0, 0.0, 0.0, 0.0, 0.0056, 0.0, 0.0, 0.0056, 0.0, 0.0, 0.0, 0.0056, 0.0111, 0.0056, 0.0056, 0.0, 0.0056, 0.0056, 0.0, 0.0, 0.0222, 0.0222, 0.0278, 0.0111, 0.0278, 0.0278, 0.0111, 0.0111, 0.0389, 0.0444, 0.0222, 0.0278, 0.0278, 0.0222, 0.0, 0.0278, 0.0333, 0.0278, 0.0333, 0.0278, 0.0222, 0.0389, 0.0389, 0.0611, 0.0111, 0.0333, 0.0389, 0.0556, 0.0389, 0.0333, 0.0389, 0.0667, 0.0389, 0.0222, 0.0389, 0.0444, 0.0333, 0.0333, 0.0556, 0.0222, 0.0556, 0.0278, 0.05, 0.0444, 0.0333, 0.0278, 0.05, 0.05, 0.0333, 0.0389, 0.0444, 0.0222, 0.0111, 0.0333, 0.0389, 0.0389, 0.0222, 0.0111, 0.0333, 0.0167, 0.0278, 0.0056, 0.0222, 0.0222, 0.0111, 0.0389, 0.0167, 0.0, 0.0056, 0.0056, 0.0]
