# sites: N10, total steps: 300, steady_state: 120,
#  k12 = 0.6, k21 = 0.6,
rho_t
[0.0, 0.0202, 0.0404, 0.0606, 0.0808, 0.101, 0.1212, 0.1414, 0.1616, 0.1818, 0.202, 0.2222, 0.2424, 0.2626, 0.2828, 0.303, 0.3232, 0.3434, 0.3636, 0.3838, 0.404, 0.4242, 0.4444, 0.4646, 0.4848, 0.5051, 0.5253, 0.5455, 0.5657, 0.5859, 0.6061, 0.6263, 0.6465, 0.6667, 0.6869, 0.7071, 0.7273, 0.7475, 0.7677, 0.7879, 0.8081, 0.8283, 0.8485, 0.8687, 0.8889, 0.9091, 0.9293, 0.9495, 0.9697, 0.9899, 1.0101, 1.0303, 1.0505, 1.0707, 1.0909, 1.1111, 1.1313, 1.1515, 1.1717, 1.1919, 1.2121, 1.2323, 1.2525, 1.2727, 1.2929, 1.3131, 1.3333, 1.3535, 1.3737, 1.3939, 1.4141, 1.4343, 1.4545, 1.4747, 1.4949, 1.5152, 1.5354, 1.5556, 1.5758, 1.596, 1.6162, 1.6364, 1.6566, 1.6768, 1.697, 1.7172, 1.7374, 1.7576, 1.7778, 1.798, 1.8182, 1.8384, 1.8586, 1.8788, 1.899, 1.9192, 1.9394, 1.9596, 1.9798, 2.0]

rhos
[0.0, 0.0, 0.0, 0.0, 0.0, 0.1, 0.1, 0.1, 0.1, 0.1, 0.1833, 0.1761, 0.1789, 0.1633, 0.1811, 0.2594, 0.2639, 0.2639, 0.2378, 0.2556, 0.3, 0.2972, 0.3161, 0.3033, 0.3228, 0.3767, 0.3672, 0.3611, 0.3617, 0.3783, 0.4089, 0.4111, 0.4083, 0.4183, 0.3978, 0.4511, 0.4422, 0.4522, 0.4494, 0.4744, 0.5167, 0.4911, 0.51, 0.5017, 0.5106, 0.5444, 0.5544, 0.5339, 0.5511, 0.5422, 0.5778, 0.5944, 0.5756, 0.5917, 0.5994, 0.6256, 0.6372, 0.6067, 0.6333, 0.6317, 0.6378, 0.6761, 0.6689, 0.6717, 0.6567, 0.6878, 0.7156, 0.6833, 0.7161, 0.6972, 0.7461, 0.7456, 0.7478, 0.7483, 0.7483, 0.7844, 0.7856, 0.7906, 0.78, 0.7683, 0.8111, 0.8261, 0.825, 0.8333, 0.8183, 0.8644, 0.8578, 0.8683, 0.8589, 0.8572, 0.9106, 0.9061, 0.9072, 0.8939, 0.9028, 0.9372, 0.9539, 0.9594, 0.9511, 1.0]

gammas
[0.0, 0.0, 0.0, 0.0, 0.0, 0.0, 0.0, 0.0, 0.0, 0.0, 0.0167, 0.0239, 0.0211, 0.0367, 0.0189, 0.0406, 0.0361, 0.0361, 0.0622, 0.0444, 0.1, 0.1028, 0.0839, 0.0967, 0.0772, 0.1233, 0.1328, 0.1389, 0.1383, 0.1217, 0.1911, 0.1889, 0.1917, 0.1817, 0.2022, 0.2489, 0.2578, 0.2478, 0.2506, 0.2256, 0.2833, 0.3089, 0.29, 0.2983, 0.2894, 0.3556, 0.3456, 0.3661, 0.3489, 0.3578, 0.4222, 0.4056, 0.4244, 0.4083, 0.4006, 0.4744, 0.4628, 0.4933, 0.4667, 0.4683, 0.5622, 0.5239, 0.5311, 0.5283, 0.5433, 0.6122, 0.5844, 0.6167, 0.5839, 0.6028, 0.6539, 0.6544, 0.6522, 0.6517, 0.6517, 0.7156, 0.7144, 0.7094, 0.72, 0.7317, 0.7889, 0.7739, 0.775, 0.7667, 0.7817, 0.8356, 0.8422, 0.8317, 0.8411, 0.8428, 0.8894, 0.8939, 0.8928, 0.9061, 0.8972, 0.9628, 0.9461, 0.9406, 0.9489, 1.0]

C_total
[0.         0.         0.         0.         0.         0.10555556
 0.09444444 0.09444444 0.10555556 0.1        0.19444444 0.22222222
 0.19444444 0.2        0.18888889 0.27777778 0.27222222 0.24444444
 0.30555556 0.27222222 0.32777778 0.35555556 0.31666667 0.37777778
 0.36111111 0.42777778 0.41111111 0.42777778 0.46666667 0.41666667
 0.5        0.45555556 0.46666667 0.43888889 0.46111111 0.52222222
 0.52222222 0.55555556 0.5        0.53888889 0.51111111 0.59444444
 0.52777778 0.48333333 0.61111111 0.57222222 0.61111111 0.54444444
 0.56111111 0.63888889 0.56111111 0.57777778 0.52777778 0.61111111
 0.56111111 0.60555556 0.58333333 0.62777778 0.6        0.62777778
 0.6        0.59444444 0.53888889 0.62222222 0.61111111 0.57777778
 0.50555556 0.58888889 0.52222222 0.56111111 0.54444444 0.47777778
 0.57222222 0.53333333 0.47777778 0.51111111 0.5        0.46111111
 0.47777778 0.47222222 0.36666667 0.44444444 0.47777778 0.38333333
 0.44444444 0.37222222 0.3        0.36111111 0.32777778 0.33333333
 0.25       0.22777778 0.28333333 0.26111111 0.26111111 0.14444444
 0.15       0.12222222 0.12222222 0.        ]

C11
[0.0, 0.0, 0.0, 0.0, 0.0, 0.1056, 0.0944, 0.0944, 0.1056, 0.1, 0.1722, 0.1833, 0.1556, 0.1556, 0.1667, 0.25, 0.2222, 0.2333, 0.2222, 0.2056, 0.2222, 0.2389, 0.2444, 0.2778, 0.2667, 0.2722, 0.2833, 0.2889, 0.3, 0.2611, 0.3111, 0.2778, 0.2556, 0.2556, 0.3167, 0.3278, 0.2944, 0.2889, 0.2611, 0.3278, 0.2667, 0.3111, 0.2333, 0.3, 0.3111, 0.2833, 0.3056, 0.2778, 0.2556, 0.3, 0.2722, 0.2556, 0.2333, 0.2722, 0.3, 0.2667, 0.3, 0.2778, 0.2389, 0.2444, 0.2278, 0.2611, 0.25, 0.25, 0.2889, 0.2389, 0.1889, 0.2611, 0.2056, 0.2556, 0.1778, 0.1889, 0.2389, 0.1889, 0.1889, 0.1889, 0.1944, 0.1556, 0.1611, 0.1778, 0.15, 0.1333, 0.15, 0.1556, 0.1333, 0.0944, 0.1222, 0.1333, 0.1, 0.1278, 0.0611, 0.0944, 0.1222, 0.0833, 0.0833, 0.0556, 0.0611, 0.0389, 0.0389, 0.0]

C12
[0.0, 0.0, 0.0, 0.0, 0.0, 0.0, 0.0, 0.0, 0.0, 0.0, 0.0111, 0.0111, 0.0222, 0.0056, 0.0111, 0.0, 0.0333, 0.0056, 0.0222, 0.0167, 0.0333, 0.0556, 0.0333, 0.0389, 0.0444, 0.0556, 0.0556, 0.0389, 0.05, 0.0611, 0.0833, 0.0778, 0.0889, 0.0611, 0.05, 0.0611, 0.0889, 0.1222, 0.1056, 0.0833, 0.0778, 0.0889, 0.1333, 0.0444, 0.1278, 0.1, 0.1222, 0.0944, 0.1167, 0.1278, 0.0833, 0.1278, 0.1, 0.1111, 0.0722, 0.1056, 0.0778, 0.1222, 0.1278, 0.1278, 0.1444, 0.1111, 0.0889, 0.1111, 0.0889, 0.1111, 0.1278, 0.1056, 0.1222, 0.0833, 0.1278, 0.1167, 0.1111, 0.1167, 0.1, 0.0722, 0.1056, 0.1111, 0.1444, 0.1333, 0.1, 0.1333, 0.1111, 0.0556, 0.1222, 0.1278, 0.0778, 0.1, 0.0722, 0.0611, 0.1, 0.0278, 0.0389, 0.0611, 0.0889, 0.0278, 0.0333, 0.0167, 0.0278, 0.0]

C21
[0.0, 0.0, 0.0, 0.0, 0.0, 0.0, 0.0, 0.0, 0.0, 0.0, 0.0056, 0.0222, 0.0111, 0.0278, 0.0111, 0.0056, 0.0167, 0.0056, 0.0556, 0.0333, 0.0444, 0.0444, 0.0222, 0.0444, 0.0333, 0.0611, 0.0556, 0.0722, 0.0833, 0.0722, 0.0833, 0.0778, 0.0722, 0.0778, 0.0778, 0.0944, 0.0944, 0.0889, 0.0944, 0.0944, 0.1056, 0.1333, 0.1, 0.0667, 0.1278, 0.1222, 0.1222, 0.1056, 0.1167, 0.1167, 0.1056, 0.0944, 0.1111, 0.15, 0.1056, 0.1222, 0.1222, 0.1333, 0.15, 0.1444, 0.1111, 0.1389, 0.0889, 0.15, 0.1222, 0.1056, 0.0944, 0.1111, 0.1167, 0.1333, 0.1222, 0.0889, 0.1389, 0.1222, 0.0889, 0.1222, 0.1, 0.0722, 0.0944, 0.0889, 0.05, 0.0944, 0.1222, 0.1111, 0.1111, 0.0778, 0.0611, 0.0667, 0.0611, 0.0778, 0.05, 0.0278, 0.0722, 0.0778, 0.0611, 0.0333, 0.0222, 0.0278, 0.0278, 0.0]

C22
[0.0, 0.0, 0.0, 0.0, 0.0, 0.0, 0.0, 0.0, 0.0, 0.0, 0.0056, 0.0056, 0.0056, 0.0111, 0.0, 0.0222, 0.0, 0.0, 0.0056, 0.0167, 0.0278, 0.0167, 0.0167, 0.0167, 0.0167, 0.0389, 0.0167, 0.0278, 0.0333, 0.0222, 0.0222, 0.0222, 0.05, 0.0444, 0.0167, 0.0389, 0.0444, 0.0556, 0.0389, 0.0333, 0.0611, 0.0611, 0.0611, 0.0722, 0.0444, 0.0667, 0.0611, 0.0667, 0.0722, 0.0944, 0.1, 0.1, 0.0833, 0.0778, 0.0833, 0.1111, 0.0833, 0.0944, 0.0833, 0.1111, 0.1167, 0.0833, 0.1111, 0.1111, 0.1111, 0.1222, 0.0944, 0.1111, 0.0778, 0.0889, 0.1167, 0.0833, 0.0833, 0.1056, 0.1, 0.1278, 0.1, 0.1222, 0.0778, 0.0722, 0.0667, 0.0833, 0.0944, 0.0611, 0.0778, 0.0722, 0.0389, 0.0611, 0.0944, 0.0667, 0.0389, 0.0778, 0.05, 0.0389, 0.0278, 0.0278, 0.0333, 0.0389, 0.0278, 0.0]
