0.0
0.0197
0.039599999999999996
0.0598
0.08050000000000002
0.0995
0.11889999999999999
0.1385
0.161
0.1773
0.2002
0.2156
0.2317
0.2525
0.2677
0.2915
0.30720000000000003
0.324
0.3445
0.35950000000000004
0.3759
0.39130000000000004
0.41100000000000003
0.42479999999999996
0.4366
0.4524
0.46900000000000003
0.4809
0.492
0.5107
0.5212
0.5403
0.5461
0.5595000000000001
0.5741999999999999
0.5775999999999999
0.595
0.609
0.6165
0.6238000000000001
0.6363
0.6452
0.6456999999999999
0.6640999999999999
0.6636
0.6704
0.6840999999999999
0.6874
0.6996
0.6997000000000001
0.6990999999999999
0.6984999999999999
0.7002
0.7101000000000001
0.7109
0.71
0.7044
0.7101000000000001
0.7158
0.7118
0.6983
0.7057
0.7071000000000001
0.6965999999999999
0.7009
0.6883
0.6849
0.6826
0.6698
0.6687000000000001
0.6557
0.6457
0.6407
0.6238
0.6283000000000001
0.6068
0.5915
0.5806
0.5669000000000001
0.5467
0.5277
0.5166
0.499
0.47909999999999997
0.46099999999999997
0.4366
0.4191
0.38980000000000004
0.37139999999999995
0.3396
0.3155
0.293
0.2607
0.23559999999999998
0.1936
0.16599999999999998
0.1286
0.0964
0.0584
0.0
